step,loss,hf_rows_consumed
1,0.20422014594078064,256
2,0.21846604347229004,512
3,0.22620932757854462,768
4,0.2048092931509018,1024
5,0.21509484946727753,1280
6,0.19216766953468323,1536
7,0.21351487934589386,1792
8,0.22355429828166962,2048
9,0.19639328122138977,2304
10,0.20925800502300262,2560
11,0.1983063668012619,2816
12,0.20914018154144287,3072
13,0.20600855350494385,3328
14,0.20703619718551636,3584
15,0.1968194991350174,3840
16,0.20417633652687073,4096
17,0.21464373171329498,4352
18,0.20265963673591614,4608
19,0.21854571998119354,4864
20,0.21212057769298553,5120
21,0.21765844523906708,5376
22,0.21726152300834656,5632
23,0.19592465460300446,5888
24,0.22054240107536316,6144
25,0.2072422057390213,6400
26,0.20141291618347168,6656
27,0.20386390388011932,6912
28,0.20593519508838654,7168
29,0.20365971326828003,7424
30,0.20894348621368408,7680
31,0.20866896212100983,7936
32,0.20426364243030548,8192
33,0.21465861797332764,8448
34,0.20614135265350342,8704
35,0.2039196640253067,8960
36,0.203085258603096,9216
37,0.19375614821910858,9472
38,0.21264562010765076,9728
39,0.19716404378414154,9984
40,0.19987164437770844,10240
41,0.1985933780670166,10496
42,0.21494002640247345,10752
43,0.21276088058948517,11008
44,0.20669019222259521,11264
45,0.20276804268360138,11520
46,0.2021220475435257,11776
47,0.21174153685569763,12032
48,0.2153325378894806,12288
49,0.2145644575357437,12544
50,0.18925464153289795,12800
51,0.20524181425571442,13056
52,0.20298422873020172,13312
53,0.19850990176200867,13568
54,0.193718820810318,13824
55,0.2025739997625351,14080
56,0.21704398095607758,14336
57,0.21166031062602997,14592
58,0.20521025359630585,14848
59,0.20396317541599274,15104
60,0.20354828238487244,15360
61,0.20350123941898346,15616
62,0.203306645154953,15872
63,0.18764646351337433,16128
64,0.22084221243858337,16384
65,0.20618394017219543,16640
66,0.20432820916175842,16896
67,0.20823684334754944,17152
68,0.21088123321533203,17408
69,0.21692731976509094,17664
70,0.18441209197044373,17920
71,0.2061540186405182,18176
72,0.2044772356748581,18432
73,0.21193501353263855,18688
74,0.19755908846855164,18944
75,0.2059069573879242,19200
76,0.20500972867012024,19456
77,0.20448575913906097,19712
78,0.1887144297361374,19968
79,0.22068676352500916,20224
80,0.2144920527935028,20480
81,0.1960221529006958,20736
82,0.21010342240333557,20992
83,0.20148897171020508,21248
84,0.21788159012794495,21504
85,0.19977234303951263,21760
86,0.21434345841407776,22016
87,0.20169830322265625,22272
88,0.2037028968334198,22528
89,0.20869073271751404,22784
90,0.20931313931941986,23040
91,0.19301584362983704,23296
92,0.2052134871482849,23552
93,0.2104257196187973,23808
94,0.1985461562871933,24064
95,0.1928805410861969,24320
96,0.2086569368839264,24576
97,0.22194893658161163,24832
98,0.21694324910640717,25088
99,0.20345444977283478,25344
100,0.22206614911556244,25600
101,0.18409386277198792,25856
102,0.20658929646015167,26112
103,0.19641849398612976,26368
104,0.21997861564159393,26624
105,0.20949888229370117,26880
106,0.19629211723804474,27136
107,0.20567043125629425,27392
108,0.19712285697460175,27648
109,0.19898536801338196,27904
110,0.19933559000492096,28160
111,0.18476971983909607,28416
112,0.19880257546901703,28672
113,0.2001541256904602,28928
114,0.2106693536043167,29184
115,0.20393234491348267,29440
116,0.19393979012966156,29696
117,0.19978439807891846,29952
118,0.20652998983860016,30208
119,0.20908495783805847,30464
120,0.20761039853096008,30720
121,0.21793194115161896,30976
122,0.19727395474910736,31232
123,0.20495779812335968,31488
124,0.19679822027683258,31744
125,0.2010067105293274,32000
126,0.21306978166103363,32256
127,0.1911257654428482,32512
128,0.2041725069284439,32768
129,0.21666565537452698,33024
130,0.21135394275188446,33280
131,0.20222295820713043,33536
132,0.20121102035045624,33792
133,0.20682783424854279,34048
134,0.20604386925697327,34304
135,0.21885207295417786,34560
136,0.20625974237918854,34816
137,0.2052145153284073,35072
138,0.21032191812992096,35328
139,0.20014645159244537,35584
140,0.2153281420469284,35840
141,0.19405785202980042,36096
142,0.2100481241941452,36352
143,0.20260024070739746,36608
144,0.21153032779693604,36864
145,0.22004477679729462,37120
146,0.19069883227348328,37376
147,0.20625963807106018,37632
148,0.20448733866214752,37888
149,0.20848126709461212,38144
150,0.2136744111776352,38400
151,0.2148803472518921,38656
152,0.20377062261104584,38912
153,0.21430683135986328,39168
154,0.20425055921077728,39424
155,0.20078714191913605,39680
156,0.20825587213039398,39936
157,0.21749933063983917,40192
158,0.19683267176151276,40448
159,0.2014247179031372,40704
160,0.21081560850143433,40960
161,0.202904611825943,41216
162,0.21437571942806244,41472
163,0.19698984920978546,41728
164,0.20435136556625366,41984
165,0.2123318612575531,42240
166,0.19058215618133545,42496
167,0.20835871994495392,42752
168,0.1946229189634323,43008
169,0.2089034765958786,43264
170,0.21209272742271423,43520
171,0.21785449981689453,43776
172,0.2117464244365692,44032
173,0.20933938026428223,44288
174,0.18635226786136627,44544
175,0.20415927469730377,44800
176,0.19864797592163086,45056
177,0.21733731031417847,45312
178,0.213917538523674,45568
179,0.2006978988647461,45824
180,0.21188578009605408,46080
181,0.21124008297920227,46336
182,0.1881031095981598,46592
183,0.19695526361465454,46848
184,0.19863420724868774,47104
185,0.20862455666065216,47360
186,0.20435331761837006,47616
187,0.20484411716461182,47872
188,0.19968944787979126,48128
189,0.1995144635438919,48384
190,0.2169702649116516,48640
191,0.19054663181304932,48896
192,0.21035034954547882,49152
193,0.21761944890022278,49408
194,0.22312656044960022,49664
195,0.2083260864019394,49920
196,0.1955384761095047,50176
197,0.19843965768814087,50432
198,0.2056332677602768,50688
199,0.19165921211242676,50944
200,0.201136976480484,51200
201,0.19029760360717773,51456
202,0.19526562094688416,51712
203,0.21238599717617035,51968
204,0.20119373500347137,52224
205,0.2078866809606552,52480
206,0.19908364117145538,52736
207,0.22375749051570892,52992
208,0.20393891632556915,53248
209,0.20619593560695648,53504
210,0.1931578516960144,53760
211,0.22286801040172577,54016
212,0.2008129358291626,54272
213,0.19572743773460388,54528
214,0.21395675837993622,54784
215,0.19569218158721924,55040
216,0.20637118816375732,55296
217,0.20204311609268188,55552
218,0.19631431996822357,55808
219,0.193412646651268,56064
220,0.19503140449523926,56320
221,0.1990215927362442,56576
222,0.1937662661075592,56832
223,0.20467211306095123,57088
224,0.19585244357585907,57344
225,0.21993903815746307,57600
226,0.21043449640274048,57856
227,0.20638863742351532,58112
228,0.19642116129398346,58368
229,0.19971536099910736,58624
230,0.2104710340499878,58880
231,0.20508810877799988,59136
232,0.19070377945899963,59392
233,0.1932428479194641,59648
234,0.20395278930664062,59904
235,0.20676003396511078,60160
236,0.1984650045633316,60416
237,0.2011777013540268,60672
238,0.19674226641654968,60928
239,0.207199364900589,61184
240,0.19999338686466217,61440
241,0.20462745428085327,61696
242,0.1999313235282898,61952
243,0.180617094039917,62208
244,0.21800090372562408,62464
245,0.2026033252477646,62720
246,0.20375758409500122,62976
247,0.18714655935764313,63232
248,0.20612627267837524,63488
249,0.2185075879096985,63744
250,0.2090466171503067,64000
251,0.19716258347034454,64256
252,0.19739939272403717,64512
253,0.21683269739151,64768
254,0.21693888306617737,65024
255,0.21353450417518616,65280
256,0.20322774350643158,65536
257,0.1933506578207016,65792
258,0.2005595564842224,66048
259,0.2110905647277832,66304
260,0.18779505789279938,66560
261,0.1997394561767578,66816
262,0.19498996436595917,67072
263,0.18273460865020752,67328
264,0.2059728503227234,67584
265,0.21344295144081116,67840
266,0.18947075307369232,68096
267,0.19638577103614807,68352
268,0.195779487490654,68608
269,0.208886981010437,68864
270,0.19657428562641144,69120
271,0.2014610916376114,69376
272,0.2114914059638977,69632
273,0.20082847774028778,69888
274,0.2030356526374817,70144
275,0.21580572426319122,70400
276,0.2105293869972229,70656
277,0.18916544318199158,70912
278,0.19822372496128082,71168
279,0.20424921810626984,71424
280,0.1935954988002777,71680
281,0.2027503103017807,71936
282,0.1949683427810669,72192
283,0.2045828253030777,72448
284,0.19378413259983063,72704
285,0.19364331662654877,72960
286,0.1949397176504135,73216
287,0.20103983581066132,73472
288,0.2162691056728363,73728
289,0.1986469030380249,73984
290,0.18471653759479523,74240
291,0.2143605351448059,74496
292,0.18448998034000397,74752
293,0.20510408282279968,75008
294,0.20160643756389618,75264
295,0.20239953696727753,75520
296,0.19475609064102173,75776
297,0.2010316401720047,76032
298,0.19699884951114655,76288
299,0.19045016169548035,76544
300,0.1967037171125412,76800
301,0.1965380162000656,77056
302,0.20613202452659607,77312
303,0.2130865901708603,77568
304,0.19374911487102509,77824
305,0.20908217132091522,78080
306,0.19447161257266998,78336
307,0.20310811698436737,78592
308,0.20588360726833344,78848
309,0.1910725235939026,79104
310,0.2086752951145172,79360
311,0.200845867395401,79616
312,0.20082415640354156,79872
313,0.19267204403877258,80128
314,0.21763195097446442,80384
315,0.1927632987499237,80640
316,0.19338259100914001,80896
317,0.20368976891040802,81152
318,0.21319012343883514,81408
319,0.21049454808235168,81664
320,0.20966199040412903,81920
321,0.18755221366882324,82176
322,0.20412959158420563,82432
323,0.19841368496418,82688
324,0.18909622728824615,82944
325,0.20538608729839325,83200
326,0.19806203246116638,83456
327,0.20634393393993378,83712
328,0.2086440473794937,83968
329,0.2094208151102066,84224
330,0.19465979933738708,84480
331,0.20173005759716034,84736
332,0.19920116662979126,84992
333,0.20240207016468048,85248
334,0.18746578693389893,85504
335,0.21002225577831268,85760
336,0.19278989732265472,86016
337,0.2092287838459015,86272
338,0.19540008902549744,86528
339,0.21022753417491913,86784
340,0.19651710987091064,87040
341,0.19004057347774506,87296
342,0.20764243602752686,87552
343,0.2032049000263214,87808
344,0.19334162771701813,88064
345,0.18937402963638306,88320
346,0.19829894602298737,88576
347,0.21180298924446106,88832
348,0.20081046223640442,89088
349,0.20287051796913147,89344
350,0.2048114538192749,89600
351,0.20877677202224731,89856
352,0.19244204461574554,90112
353,0.1934145987033844,90368
354,0.19697687029838562,90624
355,0.21285247802734375,90880
356,0.18821512162685394,91136
357,0.19968073070049286,91392
358,0.1860286146402359,91648
359,0.19110538065433502,91904
360,0.20930233597755432,92160
361,0.19691333174705505,92416
362,0.19422028958797455,92672
363,0.2018207311630249,92928
364,0.2145734578371048,93184
365,0.19403810799121857,93440
366,0.18821348249912262,93696
367,0.20523864030838013,93952
368,0.2054954320192337,94208
369,0.21420973539352417,94464
370,0.20508083701133728,94720
371,0.1997138261795044,94976
372,0.19732880592346191,95232
373,0.20018063485622406,95488
374,0.2028326541185379,95744
375,0.20075857639312744,96000
376,0.19739003479480743,96256
377,0.20966173708438873,96512
378,0.1886216700077057,96768
379,0.1880784034729004,97024
380,0.19948917627334595,97280
381,0.20534878969192505,97536
382,0.20210935175418854,97792
383,0.214750275015831,98048
384,0.2014806717634201,98304
385,0.19539874792099,98560
386,0.20856238901615143,98816
387,0.1857759803533554,99072
388,0.2012755274772644,99328
389,0.19246318936347961,99584
390,0.20750851929187775,99840
391,0.1960187554359436,100096
392,0.19763031601905823,100352
393,0.19711698591709137,100608
394,0.20007167756557465,100864
395,0.2193751186132431,101120
396,0.1925998479127884,101376
397,0.20082740485668182,101632
398,0.1925496906042099,101888
399,0.20337709784507751,102144
400,0.20234644412994385,102400
401,0.19306188821792603,102656
402,0.20528815686702728,102912
403,0.20103487372398376,103168
404,0.18932321667671204,103424
405,0.2023135870695114,103680
406,0.21370545029640198,103936
407,0.19335751235485077,104192
408,0.20040349662303925,104448
409,0.21573807299137115,104704
410,0.21431398391723633,104960
411,0.19511136412620544,105216
412,0.21491169929504395,105472
413,0.202244371175766,105728
414,0.21227015554904938,105984
415,0.18917343020439148,106240
416,0.2027319073677063,106496
417,0.20630227029323578,106752
418,0.20563453435897827,107008
419,0.19791285693645477,107264
420,0.19285614788532257,107520
421,0.21449778974056244,107776
422,0.20270541310310364,108032
423,0.20755991339683533,108288
424,0.2117321640253067,108544
425,0.21145012974739075,108800
426,0.20195893943309784,109056
427,0.21504047513008118,109312
428,0.20472507178783417,109568
429,0.21681050956249237,109824
430,0.1930662840604782,110080
431,0.18501198291778564,110336
432,0.2035679966211319,110592
433,0.21416151523590088,110848
434,0.19567705690860748,111104
435,0.19479461014270782,111360
436,0.195719912648201,111616
437,0.21059481799602509,111872
438,0.19559484720230103,112128
439,0.2080390453338623,112384
440,0.19652380049228668,112640
441,0.20598414540290833,112896
442,0.2023724466562271,113152
443,0.18675632774829865,113408
444,0.20547930896282196,113664
445,0.21780189871788025,113920
446,0.2100680023431778,114176
447,0.21452385187149048,114432
448,0.20435172319412231,114688
449,0.2091556042432785,114944
450,0.19611071050167084,115200
451,0.1915247142314911,115456
452,0.18144364655017853,115712
453,0.20099028944969177,115968
454,0.19810204207897186,116224
455,0.20507171750068665,116480
456,0.18843382596969604,116736
457,0.21035704016685486,116992
458,0.20354895293712616,117248
459,0.202873095870018,117504
460,0.19367414712905884,117760
461,0.19197069108486176,118016
462,0.20296718180179596,118272
463,0.20636066794395447,118528
464,0.20360010862350464,118784
465,0.20204110443592072,119040
466,0.20138433575630188,119296
467,0.17782481014728546,119552
468,0.19860923290252686,119808
469,0.20344583690166473,120064
470,0.19164565205574036,120320
471,0.19768376648426056,120576
472,0.2121119350194931,120832
473,0.20397436618804932,121088
474,0.20473188161849976,121344
475,0.19381941854953766,121600
476,0.1915493905544281,121856
477,0.19533564150333405,122112
478,0.20497827231884003,122368
479,0.21008212864398956,122624
480,0.20996028184890747,122880
481,0.1993013620376587,123136
482,0.19238916039466858,123392
483,0.19639737904071808,123648
484,0.20823884010314941,123904
485,0.19907332956790924,124160
486,0.2035360336303711,124416
487,0.20192185044288635,124672
488,0.2012566775083542,124928
489,0.2037816345691681,125184
490,0.2008027732372284,125440
491,0.20246323943138123,125696
492,0.20396070182323456,125952
493,0.19587410986423492,126208
494,0.21853339672088623,126464
495,0.18601755797863007,126720
496,0.19109657406806946,126976
497,0.19922824203968048,127232
498,0.21353153884410858,127488
499,0.20936642587184906,127744
500,0.20133309066295624,128000
501,0.2093551605939865,128256
502,0.19864115118980408,128512
503,0.19591586291790009,128768
504,0.20172514021396637,129024
505,0.1947353482246399,129280
506,0.20173807442188263,129536
507,0.20995599031448364,129792
508,0.19713066518306732,130048
509,0.2129170149564743,130304
510,0.19813856482505798,130560
511,0.20293636620044708,130816
512,0.19484169781208038,131072
513,0.1969718337059021,131328
514,0.19913288950920105,131584
515,0.21031256020069122,131840
516,0.1952325999736786,132096
517,0.2070363163948059,132352
518,0.18903926014900208,132608
519,0.21221323311328888,132864
520,0.21593408286571503,133120
521,0.19480235874652863,133376
522,0.20573091506958008,133632
523,0.21067838370800018,133888
524,0.1904432475566864,134144
525,0.21110381186008453,134400
526,0.1957460343837738,134656
527,0.20523124933242798,134912
528,0.20135623216629028,135168
529,0.20462772250175476,135424
530,0.20368000864982605,135680
531,0.21482600271701813,135936
532,0.20636822283267975,136192
533,0.18773125112056732,136448
534,0.20659393072128296,136704
535,0.18713659048080444,136960
536,0.195389062166214,137216
537,0.2012779861688614,137472
538,0.21334022283554077,137728
539,0.22275903820991516,137984
540,0.2005264312028885,138240
541,0.1938510537147522,138496
542,0.2054685801267624,138752
543,0.1962474137544632,139008
544,0.2158573567867279,139264
545,0.21389834582805634,139520
546,0.2205490618944168,139776
547,0.20782141387462616,140032
548,0.20617492496967316,140288
549,0.20018047094345093,140544
550,0.2067452073097229,140800
551,0.20377199351787567,141056
552,0.20227426290512085,141312
553,0.19717606902122498,141568
554,0.20179058611392975,141824
555,0.18785415589809418,142080
556,0.19281548261642456,142336
557,0.1855553537607193,142592
558,0.19172625243663788,142848
559,0.21121472120285034,143104
560,0.19661420583724976,143360
561,0.2105731964111328,143616
562,0.20106028020381927,143872
563,0.2045738846063614,144128
564,0.21302993595600128,144384
565,0.19587762653827667,144640
566,0.19327393174171448,144896
567,0.19654406607151031,145152
568,0.20273448526859283,145408
569,0.2141726166009903,145664
570,0.19992731511592865,145920
571,0.20846004784107208,146176
572,0.19179506599903107,146432
573,0.2023163139820099,146688
574,0.2124396413564682,146944
575,0.189018115401268,147200
576,0.19232355058193207,147456
577,0.188734769821167,147712
578,0.20420745015144348,147968
579,0.20136597752571106,148224
580,0.20063485205173492,148480
581,0.19791044294834137,148736
582,0.1914370059967041,148992
583,0.21001781523227692,149248
584,0.20596075057983398,149504
585,0.20472456514835358,149760
586,0.20110437273979187,150016
587,0.1904759556055069,150272
588,0.19957104325294495,150528
589,0.1966872662305832,150784
590,0.19533579051494598,151040
591,0.19579853117465973,151296
592,0.21504205465316772,151552
593,0.1897275298833847,151808
594,0.19872835278511047,152064
595,0.200796440243721,152320
596,0.1960299015045166,152576
597,0.19550791382789612,152832
598,0.20927655696868896,153088
599,0.19644850492477417,153344
600,0.20195609331130981,153600
601,0.20311439037322998,153856
602,0.21679438650608063,154112
603,0.19936557114124298,154368
604,0.1997743844985962,154624
605,0.19278085231781006,154880
606,0.2109380066394806,155136
607,0.18023107945919037,155392
608,0.1998620629310608,155648
609,0.19804207980632782,155904
610,0.19892148673534393,156160
611,0.2046244740486145,156416
612,0.2037932574748993,156672
613,0.1875699758529663,156928
614,0.19441305100917816,157184
615,0.20365235209465027,157440
616,0.20828768610954285,157696
617,0.19660747051239014,157952
618,0.20041491091251373,158208
619,0.20344337821006775,158464
620,0.19752389192581177,158720
621,0.1877928078174591,158976
622,0.20398105680942535,159232
623,0.202902153134346,159488
624,0.21553784608840942,159744
625,0.20678627490997314,160000
626,0.20187702775001526,160256
627,0.19799432158470154,160512
628,0.19744998216629028,160768
629,0.21082916855812073,161024
630,0.20917457342147827,161280
631,0.18649058043956757,161536
632,0.21200929582118988,161792
633,0.2126905918121338,162048
634,0.197442889213562,162304
635,0.1913074105978012,162560
636,0.20528337359428406,162816
637,0.20029550790786743,163072
638,0.18910431861877441,163328
639,0.2073829174041748,163584
640,0.2077275812625885,163840
641,0.20346365869045258,164096
642,0.20735837519168854,164352
643,0.20183369517326355,164608
644,0.19339820742607117,164864
645,0.19712866842746735,165120
646,0.20938435196876526,165376
647,0.1924317628145218,165632
648,0.18738029897212982,165888
649,0.19571217894554138,166144
650,0.2023298740386963,166400
651,0.18550419807434082,166656
652,0.2068062424659729,166912
653,0.20836634933948517,167168
654,0.2085019052028656,167424
655,0.196095272898674,167680
656,0.20276615023612976,167936
657,0.18253563344478607,168192
658,0.21172066032886505,168448
659,0.2235625684261322,168704
660,0.21465842425823212,168960
661,0.2014019638299942,169216
662,0.17930281162261963,169472
663,0.20689484477043152,169728
664,0.19774340093135834,169984
665,0.19201497733592987,170240
666,0.18569569289684296,170496
667,0.18987883627414703,170752
668,0.19860365986824036,171008
669,0.21176354587078094,171264
670,0.19368548691272736,171520
671,0.19940030574798584,171776
672,0.19402746856212616,172032
673,0.20174981653690338,172288
674,0.20276090502738953,172544
675,0.19683511555194855,172800
676,0.2015085071325302,173056
677,0.20068110525608063,173312
678,0.21664360165596008,173568
679,0.2026461362838745,173824
680,0.20127391815185547,174080
681,0.18997329473495483,174336
682,0.19952143728733063,174592
683,0.20123368501663208,174848
684,0.19079378247261047,175104
685,0.2139786183834076,175360
686,0.20272861421108246,175616
687,0.19951795041561127,175872
688,0.2017139196395874,176128
689,0.20914319157600403,176384
690,0.1950041800737381,176640
691,0.19709034264087677,176896
692,0.19167104363441467,177152
693,0.20428143441677094,177408
694,0.1946295201778412,177664
695,0.1959410011768341,177920
696,0.20770291984081268,178176
697,0.21326538920402527,178432
698,0.20005543529987335,178688
699,0.19357649981975555,178944
700,0.19973815977573395,179200
701,0.19793836772441864,179456
702,0.19735409319400787,179712
703,0.20467308163642883,179968
704,0.1949022114276886,180224
705,0.2042466700077057,180480
706,0.17260155081748962,180736
707,0.20647971332073212,180992
708,0.20401756465435028,181248
709,0.19222091138362885,181504
710,0.20173844695091248,181760
711,0.18752849102020264,182016
712,0.2114144116640091,182272
713,0.20273831486701965,182528
714,0.20043210685253143,182784
715,0.1919938623905182,183040
716,0.19247055053710938,183296
717,0.20562408864498138,183552
718,0.2075124830007553,183808
719,0.187044158577919,184064
720,0.21429429948329926,184320
721,0.1967145949602127,184576
722,0.20142590999603271,184832
723,0.1971133053302765,185088
724,0.18589502573013306,185344
725,0.2045714557170868,185600
726,0.19548889994621277,185856
727,0.2065744698047638,186112
728,0.21052663028240204,186368
729,0.1857759952545166,186624
730,0.20816707611083984,186880
731,0.19414766132831573,187136
732,0.20910975337028503,187392
733,0.19517455995082855,187648
734,0.19882699847221375,187904
735,0.21244224905967712,188160
736,0.20777574181556702,188416
737,0.20354008674621582,188672
738,0.21640175580978394,188928
739,0.19369977712631226,189184
740,0.20259416103363037,189440
741,0.19478026032447815,189696
742,0.20638447999954224,189952
743,0.1903747171163559,190208
744,0.2044837474822998,190464
745,0.20521415770053864,190720
746,0.20029592514038086,190976
747,0.21210132539272308,191232
748,0.20863938331604004,191488
749,0.19324149191379547,191744
750,0.2081943303346634,192000
751,0.19971613585948944,192256
752,0.19508692622184753,192512
753,0.2021869421005249,192768
754,0.19170552492141724,193024
755,0.1969716101884842,193280
756,0.20832259953022003,193536
757,0.20784039795398712,193792
758,0.1937863528728485,194048
759,0.20735622942447662,194304
760,0.1921299695968628,194560
761,0.2097109705209732,194816
762,0.19557926058769226,195072
763,0.2102811634540558,195328
764,0.20305120944976807,195584
765,0.20662246644496918,195840
766,0.1914590448141098,196096
767,0.19253307580947876,196352
768,0.20133274793624878,196608
769,0.19721373915672302,196864
770,0.1955670863389969,197120
771,0.20182079076766968,197376
772,0.21114318072795868,197632
773,0.19992953538894653,197888
774,0.20575787127017975,198144
775,0.18678905069828033,198400
776,0.20256750285625458,198656
777,0.2039378136396408,198912
778,0.21202968060970306,199168
779,0.19974222779273987,199424
780,0.19220753014087677,199680
781,0.19723619520664215,199936
782,0.21251782774925232,200192
783,0.20162728428840637,200448
784,0.20951220393180847,200704
785,0.21436326205730438,200960
786,0.2026839405298233,201216
787,0.1997259110212326,201472
788,0.1982349157333374,201728
789,0.1978653520345688,201984
790,0.21590252220630646,202240
791,0.19480746984481812,202496
792,0.2084139734506607,202752
793,0.20174576342105865,203008
794,0.195499986410141,203264
795,0.21687333285808563,203520
796,0.20887349545955658,203776
797,0.19227354228496552,204032
798,0.1946411281824112,204288
799,0.18192943930625916,204544
800,0.18913599848747253,204800
801,0.19721753895282745,205056
802,0.1941280961036682,205312
803,0.20277409255504608,205568
804,0.19835472106933594,205824
805,0.19676455855369568,206080
806,0.1964317411184311,206336
807,0.21292155981063843,206592
808,0.19453386962413788,206848
809,0.20552466809749603,207104
810,0.19013381004333496,207360
811,0.18815730512142181,207616
812,0.20589205622673035,207872
813,0.19363288581371307,208128
814,0.19579185545444489,208384
815,0.20345135033130646,208640
816,0.21380797028541565,208896
817,0.2112378478050232,209152
818,0.2012045830488205,209408
819,0.2019626647233963,209664
820,0.1987205594778061,209920
821,0.1958848237991333,210176
822,0.1969822347164154,210432
823,0.20555129647254944,210688
824,0.205930694937706,210944
825,0.20659185945987701,211200
826,0.20154599845409393,211456
827,0.21393561363220215,211712
828,0.2018689066171646,211968
829,0.20300155878067017,212224
830,0.2141207456588745,212480
831,0.19350220263004303,212736
832,0.20562122762203217,212992
833,0.20358383655548096,213248
834,0.20311874151229858,213504
835,0.19744060933589935,213760
836,0.21046338975429535,214016
837,0.19837334752082825,214272
838,0.19333530962467194,214528
839,0.211685448884964,214784
840,0.20034737884998322,215040
841,0.1875026375055313,215296
842,0.204482764005661,215552
843,0.19103391468524933,215808
844,0.20350657403469086,216064
845,0.2069150060415268,216320
846,0.1952122002840042,216576
847,0.1997087299823761,216832
848,0.19956499338150024,217088
849,0.2102409452199936,217344
850,0.20314563810825348,217600
851,0.20472866296768188,217856
852,0.19072462618350983,218112
853,0.20742090046405792,218368
854,0.20416830480098724,218624
855,0.20014259219169617,218880
856,0.18979361653327942,219136
857,0.19886340200901031,219392
858,0.21234409511089325,219648
859,0.19837187230587006,219904
860,0.2057630717754364,220160
861,0.20623192191123962,220416
862,0.19891057908535004,220672
863,0.18655261397361755,220928
864,0.1979641616344452,221184
865,0.20581525564193726,221440
866,0.1992775946855545,221696
867,0.21008171141147614,221952
868,0.19814997911453247,222208
869,0.19428656995296478,222464
870,0.1886429488658905,222720
871,0.1951998472213745,222976
872,0.2010410577058792,223232
873,0.19483213126659393,223488
874,0.18351583182811737,223744
875,0.21747030317783356,224000
876,0.1999451071023941,224256
877,0.19931358098983765,224512
878,0.19163690507411957,224768
879,0.20551562309265137,225024
880,0.20922380685806274,225280
881,0.1951054036617279,225536
882,0.19101011753082275,225792
883,0.19598764181137085,226048
884,0.2112131267786026,226304
885,0.20634368062019348,226560
886,0.2021436095237732,226816
887,0.1996804028749466,227072
888,0.2035180926322937,227328
889,0.19779731333255768,227584
890,0.2022777646780014,227840
891,0.20324485003948212,228096
892,0.20573927462100983,228352
893,0.20568782091140747,228608
894,0.2129088044166565,228864
895,0.18529295921325684,229120
896,0.197245255112648,229376
897,0.19461823999881744,229632
898,0.18693171441555023,229888
899,0.18699996173381805,230144
900,0.20268014073371887,230400
901,0.2035948932170868,230656
902,0.19297125935554504,230912
903,0.2022017389535904,231168
904,0.18565092980861664,231424
905,0.204705610871315,231680
906,0.20701386034488678,231936
907,0.2028626948595047,232192
908,0.19572173058986664,232448
909,0.19614285230636597,232704
910,0.20471706986427307,232960
911,0.19538532197475433,233216
912,0.21337498724460602,233472
913,0.20401796698570251,233728
914,0.19269803166389465,233984
915,0.2056192308664322,234240
916,0.20570902526378632,234496
917,0.20126023888587952,234752
918,0.2179771214723587,235008
919,0.2109677493572235,235264
920,0.19852972030639648,235520
921,0.1959306001663208,235776
922,0.2037573605775833,236032
923,0.1959782987833023,236288
924,0.20663180947303772,236544
925,0.20502445101737976,236800
926,0.20731137692928314,237056
927,0.20130839943885803,237312
928,0.20203718543052673,237568
929,0.2063441425561905,237824
930,0.19690756499767303,238080
931,0.20385512709617615,238336
932,0.20057712495326996,238592
933,0.20072762668132782,238848
934,0.19392409920692444,239104
935,0.20249295234680176,239360
936,0.20320400595664978,239616
937,0.2076416015625,239872
938,0.18181823194026947,240128
939,0.20704206824302673,240384
940,0.18077823519706726,240640
941,0.20064735412597656,240896
942,0.19835226237773895,241152
943,0.20534847676753998,241408
944,0.2224486768245697,241664
945,0.2004159837961197,241920
946,0.20057696104049683,242176
947,0.19781841337680817,242432
948,0.20278090238571167,242688
949,0.20640598237514496,242944
950,0.19881625473499298,243200
951,0.1954868584871292,243456
952,0.19523945450782776,243712
953,0.20528529584407806,243968
954,0.20034584403038025,244224
955,0.19721370935440063,244480
956,0.21341176331043243,244736
957,0.20122049748897552,244992
958,0.20551817119121552,245248
959,0.21729247272014618,245504
960,0.21265503764152527,245760
961,0.18535374104976654,246016
962,0.19574294984340668,246272
963,0.21642927825450897,246528
964,0.2096514105796814,246784
965,0.21275849640369415,247040
966,0.19410748779773712,247296
967,0.19839562475681305,247552
968,0.20993149280548096,247808
969,0.20591311156749725,248064
970,0.20927917957305908,248320
971,0.19762074947357178,248576
972,0.19353045523166656,248832
973,0.20197546482086182,249088
974,0.2113872915506363,249344
975,0.193728506565094,249600
976,0.20740410685539246,249856
977,0.1990557461977005,250112
978,0.1953713744878769,250368
979,0.19746039807796478,250624
980,0.20333942770957947,250880
981,0.19853778183460236,251136
982,0.19926175475120544,251392
983,0.19331520795822144,251648
984,0.20899057388305664,251904
985,0.20280766487121582,252160
986,0.20753706991672516,252416
987,0.19951961934566498,252672
988,0.212051659822464,252928
989,0.20254133641719818,253184
990,0.20471052825450897,253440
991,0.1934550702571869,253696
992,0.20342978835105896,253952
993,0.199737086892128,254208
994,0.20168298482894897,254464
995,0.19643138349056244,254720
996,0.20915883779525757,254976
997,0.2135820835828781,255232
998,0.21578682959079742,255488
999,0.1942034214735031,255744
1000,0.20572972297668457,256000
1001,0.20906275510787964,256256
1002,0.19654284417629242,256512
1003,0.2093771994113922,256768
1004,0.1984902173280716,257024
1005,0.20090988278388977,257280
1006,0.18927736580371857,257536
1007,0.19520874321460724,257792
1008,0.2024598866701126,258048
1009,0.20152990520000458,258304
1010,0.20692749321460724,258560
1011,0.20466917753219604,258816
1012,0.20876826345920563,259072
1013,0.20056970417499542,259328
1014,0.20418700575828552,259584
1015,0.206807479262352,259840
1016,0.20679423213005066,260096
1017,0.19395367801189423,260352
1018,0.20254209637641907,260608
1019,0.2078075259923935,260864
1020,0.2040288746356964,261120
1021,0.19041813910007477,261376
1022,0.20285116136074066,261632
1023,0.20011989772319794,261888
1024,0.18765141069889069,262144
1025,0.21540339291095734,262400
1026,0.19711977243423462,262656
1027,0.18921370804309845,262912
1028,0.2100098878145218,263168
1029,0.21404419839382172,263424
1030,0.199172705411911,263680
1031,0.1892201453447342,263936
1032,0.20173485577106476,264192
1033,0.19506219029426575,264448
1034,0.19475729763507843,264704
1035,0.21010084450244904,264960
1036,0.1981624960899353,265216
1037,0.2052171230316162,265472
1038,0.19573819637298584,265728
1039,0.19670730829238892,265984
1040,0.20152387022972107,266240
1041,0.1913844645023346,266496
1042,0.19176389276981354,266752
1043,0.19475434720516205,267008
1044,0.2031812220811844,267264
1045,0.2122347205877304,267520
1046,0.20650511980056763,267776
1047,0.20951470732688904,268032
1048,0.2076064795255661,268288
1049,0.18881526589393616,268544
1050,0.20945517718791962,268800
1051,0.20351529121398926,269056
1052,0.2120056450366974,269312
1053,0.19788692891597748,269568
1054,0.21329057216644287,269824
1055,0.18686969578266144,270080
1056,0.1870553344488144,270336
1057,0.20116692781448364,270592
1058,0.20653265714645386,270848
1059,0.2027660757303238,271104
1060,0.20391379296779633,271360
1061,0.19407343864440918,271616
1062,0.21435831487178802,271872
1063,0.199728325009346,272128
1064,0.19839254021644592,272384
1065,0.20700083673000336,272640
1066,0.21734420955181122,272896
1067,0.21270129084587097,273152
1068,0.1929347664117813,273408
1069,0.20115253329277039,273664
1070,0.19841505587100983,273920
1071,0.2064763307571411,274176
1072,0.19102971255779266,274432
1073,0.20049262046813965,274688
1074,0.21604762971401215,274944
1075,0.2162131518125534,275200
1076,0.19607031345367432,275456
1077,0.2021886110305786,275712
1078,0.20235812664031982,275968
1079,0.19505126774311066,276224
1080,0.2016533464193344,276480
1081,0.19886966049671173,276736
1082,0.2011888474225998,276992
1083,0.20505908131599426,277248
1084,0.18670110404491425,277504
1085,0.20356377959251404,277760
1086,0.196470707654953,278016
1087,0.19222253561019897,278272
1088,0.1996418684720993,278528
1089,0.19962859153747559,278784
1090,0.20060847699642181,279040
1091,0.21209894120693207,279296
1092,0.18467703461647034,279552
1093,0.19517894089221954,279808
1094,0.19814065098762512,280064
1095,0.1996183842420578,280320
1096,0.19649828970432281,280576
1097,0.1937248855829239,280832
1098,0.21566028892993927,281088
1099,0.20522524416446686,281344
1100,0.19659824669361115,281600
1101,0.2126891314983368,281856
1102,0.1952832192182541,282112
1103,0.18292571604251862,282368
1104,0.20356924831867218,282624
1105,0.1929507851600647,282880
1106,0.18894635140895844,283136
1107,0.20066364109516144,283392
1108,0.19457481801509857,283648
1109,0.19228915870189667,283904
1110,0.2116617113351822,284160
1111,0.19034549593925476,284416
1112,0.18665620684623718,284672
1113,0.176703542470932,284928
1114,0.19758065044879913,285184
1115,0.20942801237106323,285440
1116,0.2043795883655548,285696
1117,0.20476724207401276,285952
1118,0.19890078902244568,286208
1119,0.19137416779994965,286464
1120,0.20214006304740906,286720
1121,0.2027355581521988,286976
1122,0.20678609609603882,287232
1123,0.20122185349464417,287488
1124,0.2002345472574234,287744
1125,0.1844201385974884,288000
1126,0.19259367883205414,288256
1127,0.20967252552509308,288512
1128,0.20132103562355042,288768
1129,0.19644372165203094,289024
1130,0.2013583928346634,289280
1131,0.2007763832807541,289536
1132,0.19814464449882507,289792
1133,0.20106761157512665,290048
1134,0.19654656946659088,290304
1135,0.2011377513408661,290560
1136,0.2059999704360962,290816
1137,0.19488570094108582,291072
1138,0.19674356281757355,291328
1139,0.20494344830513,291584
1140,0.19565939903259277,291840
1141,0.19823548197746277,292096
1142,0.19072480499744415,292352
1143,0.20459529757499695,292608
1144,0.2018190622329712,292864
1145,0.19679893553256989,293120
1146,0.19657383859157562,293376
1147,0.19448937475681305,293632
1148,0.18046464025974274,293888
1149,0.19008107483386993,294144
1150,0.20745405554771423,294400
1151,0.1938549280166626,294656
1152,0.2143707275390625,294912
1153,0.21313588321208954,295168
1154,0.2039341926574707,295424
1155,0.2032383233308792,295680
1156,0.19440950453281403,295936
1157,0.20731009542942047,296192
1158,0.19894619286060333,296448
1159,0.19305531680583954,296704
1160,0.20119789242744446,296960
1161,0.20229505002498627,297216
1162,0.20257960259914398,297472
1163,0.18189312517642975,297728
1164,0.19171424210071564,297984
1165,0.18359674513339996,298240
1166,0.19110895693302155,298496
1167,0.2056325227022171,298752
1168,0.1991289108991623,299008
1169,0.20675234496593475,299264
1170,0.204214408993721,299520
1171,0.20942869782447815,299776
1172,0.18867145478725433,300032
1173,0.2042030692100525,300288
1174,0.2059759646654129,300544
1175,0.19586384296417236,300800
1176,0.21668358147144318,301056
1177,0.20183327794075012,301312
1178,0.1920819878578186,301568
1179,0.209694042801857,301824
1180,0.20424677431583405,302080
1181,0.21374163031578064,302336
1182,0.2071695476770401,302592
1183,0.20721513032913208,302848
1184,0.2015051543712616,303104
1185,0.22112226486206055,303360
1186,0.20611213147640228,303616
1187,0.19944503903388977,303872
1188,0.19706246256828308,304128
1189,0.2093067467212677,304384
1190,0.19363002479076385,304640
1191,0.17780829966068268,304896
1192,0.20198532938957214,305152
1193,0.20905843377113342,305408
1194,0.18676334619522095,305664
1195,0.21209657192230225,305920
1196,0.1851590871810913,306176
1197,0.21356883645057678,306432
1198,0.19148868322372437,306688
1199,0.19299794733524323,306944
1200,0.2000163048505783,307200
1201,0.2052713930606842,307456
1202,0.19694015383720398,307712
1203,0.19200298190116882,307968
1204,0.1980617195367813,308224
1205,0.19479668140411377,308480
1206,0.21633906662464142,308736
1207,0.20087991654872894,308992
1208,0.20274284482002258,309248
1209,0.20340675115585327,309504
1210,0.188912034034729,309760
1211,0.19893237948417664,310016
1212,0.21544982492923737,310272
1213,0.20051522552967072,310528
1214,0.21312730014324188,310784
1215,0.19584321975708008,311040
1216,0.19999979436397552,311296
1217,0.21243540942668915,311552
1218,0.20009052753448486,311808
1219,0.1956825852394104,312064
1220,0.19418421387672424,312320
1221,0.2101583331823349,312576
1222,0.1814320832490921,312832
1223,0.20100584626197815,313088
1224,0.20126910507678986,313344
1225,0.20040547847747803,313600
1226,0.2093985676765442,313856
1227,0.19706469774246216,314112
1228,0.2071092128753662,314368
1229,0.20573365688323975,314624
1230,0.19281592965126038,314880
1231,0.19388151168823242,315136
1232,0.19739051163196564,315392
1233,0.20239806175231934,315648
1234,0.19789445400238037,315904
1235,0.20604190230369568,316160
1236,0.2034798115491867,316416
1237,0.1986888349056244,316672
1238,0.20466144382953644,316928
1239,0.19498302042484283,317184
1240,0.20964893698692322,317440
1241,0.1981341540813446,317696
1242,0.1881190985441208,317952
1243,0.20393358170986176,318208
1244,0.20846538245677948,318464
1245,0.19173194468021393,318720
1246,0.20450398325920105,318976
1247,0.20365983247756958,319232
1248,0.1897280365228653,319488
1249,0.1860273778438568,319744
1250,0.20254817605018616,320000
1251,0.19359561800956726,320256
1252,0.20072822272777557,320512
1253,0.2123871147632599,320768
1254,0.2073911875486374,321024
1255,0.1987779140472412,321280
1256,0.19509315490722656,321536
1257,0.18547959625720978,321792
1258,0.18891465663909912,322048
1259,0.21023046970367432,322304
1260,0.20112931728363037,322560
1261,0.19449664652347565,322816
1262,0.19889023900032043,323072
1263,0.2013496458530426,323328
1264,0.20791807770729065,323584
1265,0.2094743400812149,323840
1266,0.20312580466270447,324096
1267,0.21376638114452362,324352
1268,0.19351430237293243,324608
1269,0.19176703691482544,324864
1270,0.21008852124214172,325120
1271,0.18930268287658691,325376
1272,0.18606598675251007,325632
1273,0.21290555596351624,325888
1274,0.19200555980205536,326144
1275,0.18866826593875885,326400
1276,0.1931418627500534,326656
1277,0.18963687121868134,326912
1278,0.21044772863388062,327168
1279,0.20204178988933563,327424
1280,0.1956605464220047,327680
1281,0.20355039834976196,327936
1282,0.16671018302440643,328192
1283,0.19751712679862976,328448
1284,0.19899247586727142,328704
1285,0.19648407399654388,328960
1286,0.1801052987575531,329216
1287,0.2055598944425583,329472
1288,0.218119278550148,329728
1289,0.20190559327602386,329984
1290,0.20436035096645355,330240
1291,0.19671888649463654,330496
1292,0.19127778708934784,330752
1293,0.19243186712265015,331008
1294,0.2012585699558258,331264
1295,0.20312775671482086,331520
1296,0.19451162219047546,331776
1297,0.2076529860496521,332032
1298,0.2096317708492279,332288
1299,0.204177588224411,332544
1300,0.2082933634519577,332800
1301,0.2024337202310562,333056
1302,0.2091362029314041,333312
1303,0.20114277303218842,333568
1304,0.20201492309570312,333824
1305,0.1991049200296402,334080
1306,0.21114623546600342,334336
1307,0.2141641229391098,334592
1308,0.19454450905323029,334848
1309,0.19431491196155548,335104
1310,0.21270851790905,335360
1311,0.2084830403327942,335616
1312,0.18863403797149658,335872
1313,0.18849582970142365,336128
1314,0.189098060131073,336384
1315,0.20336227118968964,336640
1316,0.20275826752185822,336896
1317,0.2085639089345932,337152
1318,0.19366155564785004,337408
1319,0.1955169439315796,337664
1320,0.20300817489624023,337920
1321,0.19595161080360413,338176
1322,0.19301873445510864,338432
1323,0.18786895275115967,338688
1324,0.18207672238349915,338944
1325,0.20932482182979584,339200
1326,0.1890536993741989,339456
1327,0.2072513997554779,339712
1328,0.19530585408210754,339968
1329,0.21001490950584412,340224
1330,0.21390970051288605,340480
1331,0.21542760729789734,340736
1332,0.20651286840438843,340992
1333,0.2104833424091339,341248
1334,0.19552792608737946,341504
1335,0.20922797918319702,341760
1336,0.2103942632675171,342016
1337,0.21132832765579224,342272
1338,0.21170645952224731,342528
1339,0.19931729137897491,342784
1340,0.19516630470752716,343040
1341,0.20299258828163147,343296
1342,0.19282867014408112,343552
1343,0.19709432125091553,343808
1344,0.1936660259962082,344064
1345,0.21251998841762543,344320
1346,0.20869682729244232,344576
1347,0.19455917179584503,344832
1348,0.19575335085391998,345088
1349,0.2007100135087967,345344
1350,0.20938712358474731,345600
1351,0.19358272850513458,345856
1352,0.19375084340572357,346112
1353,0.1984667330980301,346368
1354,0.2088526487350464,346624
1355,0.2032511830329895,346880
1356,0.20461983978748322,347136
1357,0.21060188114643097,347392
1358,0.20146554708480835,347648
1359,0.19739940762519836,347904
1360,0.21335434913635254,348160
1361,0.19761264324188232,348416
1362,0.21496833860874176,348672
1363,0.20134083926677704,348928
1364,0.18478147685527802,349184
1365,0.1917588859796524,349440
1366,0.2175842970609665,349696
1367,0.19339114427566528,349952
1368,0.19400952756404877,350208
1369,0.20329022407531738,350464
1370,0.2082185447216034,350720
1371,0.21684198081493378,350976
1372,0.20049524307250977,351232
1373,0.19726713001728058,351488
1374,0.22129841148853302,351744
1375,0.19940103590488434,352000
1376,0.1796160787343979,352256
1377,0.19515764713287354,352512
1378,0.19979456067085266,352768
1379,0.1969785839319229,353024
1380,0.2084081619977951,353280
1381,0.19730550050735474,353536
1382,0.20064763724803925,353792
1383,0.18691137433052063,354048
1384,0.20292659103870392,354304
1385,0.21164023876190186,354560
1386,0.2007143795490265,354816
1387,0.20294123888015747,355072
1388,0.19259516894817352,355328
1389,0.20037923753261566,355584
1390,0.20228160917758942,355840
1391,0.2010069340467453,356096
1392,0.20945677161216736,356352
1393,0.19235779345035553,356608
1394,0.2123209834098816,356864
1395,0.19432435929775238,357120
1396,0.2057410329580307,357376
1397,0.20317591726779938,357632
1398,0.1997121423482895,357888
1399,0.1976051926612854,358144
1400,0.19658318161964417,358400
1401,0.19180423021316528,358656
1402,0.21427354216575623,358912
1403,0.20017284154891968,359168
1404,0.20627285540103912,359424
1405,0.20143358409404755,359680
1406,0.19492632150650024,359936
1407,0.2213417887687683,360192
1408,0.2012808620929718,360448
1409,0.20693111419677734,360704
1410,0.1979234367609024,360960
1411,0.20277586579322815,361216
1412,0.19539904594421387,361472
1413,0.18194349110126495,361728
1414,0.19571511447429657,361984
1415,0.2043714076280594,362240
1416,0.20098254084587097,362496
1417,0.20238791406154633,362752
1418,0.19177411496639252,363008
1419,0.20484480261802673,363264
1420,0.2068314254283905,363520
1421,0.20441491901874542,363776
1422,0.2092859148979187,364032
1423,0.21434694528579712,364288
1424,0.18919123709201813,364544
1425,0.2000257968902588,364800
1426,0.20381903648376465,365056
1427,0.2038474828004837,365312
1428,0.18900175392627716,365568
1429,0.17941905558109283,365824
1430,0.1943240463733673,366080
1431,0.21003679931163788,366336
1432,0.18161186575889587,366592
1433,0.19233933091163635,366848
1434,0.21197135746479034,367104
1435,0.20263104140758514,367360
1436,0.1981581300497055,367616
1437,0.20259980857372284,367872
1438,0.21022891998291016,368128
1439,0.20283015072345734,368384
1440,0.20564985275268555,368640
1441,0.19157758355140686,368896
1442,0.2020258605480194,369152
1443,0.20625090599060059,369408
1444,0.19662870466709137,369664
1445,0.19430983066558838,369920
1446,0.20707283914089203,370176
1447,0.18860752880573273,370432
1448,0.187163844704628,370688
1449,0.19176575541496277,370944
1450,0.20596370100975037,371200
1451,0.19750984013080597,371456
1452,0.1956912726163864,371712
1453,0.2025955319404602,371968
1454,0.19392523169517517,372224
1455,0.20466938614845276,372480
1456,0.19150418043136597,372736
1457,0.20863161981105804,372992
1458,0.19639620184898376,373248
1459,0.19311653077602386,373504
1460,0.20164166390895844,373760
1461,0.20186033844947815,374016
1462,0.19868633151054382,374272
1463,0.20560872554779053,374528
1464,0.19801552593708038,374784
1465,0.19948254525661469,375040
1466,0.20540551841259003,375296
1467,0.19880658388137817,375552
1468,0.1997508853673935,375808
1469,0.1966688334941864,376064
1470,0.20235198736190796,376320
1471,0.1899060606956482,376576
1472,0.1901598870754242,376832
1473,0.20598681271076202,377088
1474,0.19515979290008545,377344
1475,0.1866600066423416,377600
1476,0.1914961040019989,377856
1477,0.22182263433933258,378112
1478,0.22135426104068756,378368
1479,0.2063957154750824,378624
1480,0.19848161935806274,378880
1481,0.19837552309036255,379136
1482,0.195968359708786,379392
1483,0.19714055955410004,379648
1484,0.17546172440052032,379904
1485,0.21539337933063507,380160
1486,0.18769942224025726,380416
1487,0.20446784794330597,380672
1488,0.18238131701946259,380928
1489,0.19696056842803955,381184
1490,0.20092713832855225,381440
1491,0.19139991700649261,381696
1492,0.20491573214530945,381952
1493,0.21715380251407623,382208
1494,0.2040720283985138,382464
1495,0.20592541992664337,382720
1496,0.1995646059513092,382976
1497,0.19297146797180176,383232
1498,0.19457010924816132,383488
1499,0.1994653344154358,383744
1500,0.21176938712596893,384000
1501,0.19807378947734833,384256
1502,0.20542685687541962,384512
1503,0.21052034199237823,384768
1504,0.19405695796012878,385024
1505,0.2116789072751999,385280
1506,0.20078647136688232,385536
1507,0.19962532818317413,385792
1508,0.18648876249790192,386048
1509,0.20676039159297943,386304
1510,0.19392187893390656,386560
1511,0.1829167753458023,386816
1512,0.19542185962200165,387072
1513,0.21273991465568542,387328
1514,0.19442328810691833,387584
1515,0.20592623949050903,387840
1516,0.20881283283233643,388096
1517,0.20089636743068695,388352
1518,0.1997566968202591,388608
1519,0.20138639211654663,388864
1520,0.20074045658111572,389120
1521,0.19444631040096283,389376
1522,0.21492448449134827,389632
1523,0.20400270819664001,389888
1524,0.2111135721206665,390144
1525,0.20055782794952393,390400
1526,0.2066022753715515,390656
1527,0.18629664182662964,390912
1528,0.2107749730348587,391168
1529,0.2052358239889145,391424
1530,0.20529605448246002,391680
1531,0.20833070576190948,391936
1532,0.20667339861392975,392192
1533,0.20540273189544678,392448
1534,0.21507103741168976,392704
1535,0.20675216615200043,392960
1536,0.19195011258125305,393216
1537,0.18457980453968048,393472
1538,0.1965886950492859,393728
1539,0.19397659599781036,393984
1540,0.19410181045532227,394240
1541,0.19149188697338104,394496
1542,0.200886070728302,394752
1543,0.2053690254688263,395008
1544,0.18410468101501465,395264
1545,0.20290954411029816,395520
1546,0.20843619108200073,395776
1547,0.19814766943454742,396032
1548,0.19522564113140106,396288
1549,0.20602139830589294,396544
1550,0.19396159052848816,396800
1551,0.1902262419462204,397056
1552,0.19116440415382385,397312
1553,0.20219823718070984,397568
1554,0.20554164052009583,397824
1555,0.2003234475851059,398080
1556,0.20072981715202332,398336
1557,0.19766192138195038,398592
1558,0.19711445271968842,398848
1559,0.2052881419658661,399104
1560,0.19975806772708893,399360
1561,0.2049558460712433,399616
1562,0.18909166753292084,399872
1563,0.20758473873138428,400128
1564,0.19670729339122772,400384
1565,0.18810495734214783,400640
1566,0.19984853267669678,400896
1567,0.19616256654262543,401152
1568,0.21085688471794128,401408
1569,0.1990470141172409,401664
1570,0.19800713658332825,401920
1571,0.20633278787136078,402176
1572,0.20024356245994568,402432
1573,0.21462762355804443,402688
1574,0.1998443454504013,402944
1575,0.19708439707756042,403200
1576,0.20554937422275543,403456
1577,0.20466521382331848,403712
1578,0.18625910580158234,403968
1579,0.19750303030014038,404224
1580,0.20158681273460388,404480
1581,0.2006143182516098,404736
1582,0.1902444213628769,404992
1583,0.2023731917142868,405248
1584,0.19845348596572876,405504
1585,0.20899367332458496,405760
1586,0.19784823060035706,406016
1587,0.19398990273475647,406272
1588,0.19619306921958923,406528
1589,0.19144496321678162,406784
1590,0.18699166178703308,407040
1591,0.2088809758424759,407296
1592,0.19516593217849731,407552
1593,0.19838006794452667,407808
1594,0.19766315817832947,408064
1595,0.19372646510601044,408320
1596,0.18382792174816132,408576
1597,0.19414347410202026,408832
1598,0.2106505036354065,409088
1599,0.21766142547130585,409344
1600,0.19043202698230743,409600
1601,0.21869662404060364,409856
1602,0.1979985237121582,410112
1603,0.19008509814739227,410368
1604,0.1921105831861496,410624
1605,0.2026074379682541,410880
1606,0.2006452977657318,411136
1607,0.21180254220962524,411392
1608,0.2118607759475708,411648
1609,0.2029276192188263,411904
1610,0.20361736416816711,412160
1611,0.19322779774665833,412416
1612,0.1931096464395523,412672
1613,0.20508220791816711,412928
1614,0.21478109061717987,413184
1615,0.18429473042488098,413440
1616,0.19538575410842896,413696
1617,0.18418802320957184,413952
1618,0.2017519474029541,414208
1619,0.2016696333885193,414464
1620,0.20309515297412872,414720
1621,0.20847247540950775,414976
1622,0.19810084998607635,415232
1623,0.1944544017314911,415488
1624,0.19234181940555573,415744
1625,0.19021540880203247,416000
1626,0.20810504257678986,416256
1627,0.20072999596595764,416512
1628,0.20386561751365662,416768
1629,0.20973844826221466,417024
1630,0.1979193240404129,417280
1631,0.20187141001224518,417536
1632,0.20594577491283417,417792
1633,0.18890291452407837,418048
1634,0.20477762818336487,418304
1635,0.21562770009040833,418560
1636,0.2013477236032486,418816
1637,0.1943589150905609,419072
1638,0.21241998672485352,419328
1639,0.18729516863822937,419584
1640,0.21724112331867218,419840
1641,0.19465209543704987,420096
1642,0.19006431102752686,420352
1643,0.20436832308769226,420608
1644,0.19285930693149567,420864
1645,0.19251392781734467,421120
1646,0.1947723776102066,421376
1647,0.19491420686244965,421632
1648,0.20115375518798828,421888
1649,0.20144282281398773,422144
1650,0.19548802077770233,422400
1651,0.19040924310684204,422656
1652,0.19699297845363617,422912
1653,0.20025765895843506,423168
1654,0.18087691068649292,423424
1655,0.1987282782793045,423680
1656,0.21794310212135315,423936
1657,0.2099938690662384,424192
1658,0.18776267766952515,424448
1659,0.20321708917617798,424704
1660,0.19936072826385498,424960
1661,0.20659570395946503,425216
1662,0.19494906067848206,425472
1663,0.20029909908771515,425728
1664,0.18982985615730286,425984
1665,0.1928398609161377,426240
1666,0.19350533187389374,426496
1667,0.2064751386642456,426752
1668,0.19662156701087952,427008
1669,0.2042437642812729,427264
1670,0.20737037062644958,427520
1671,0.20988422632217407,427776
1672,0.20825116336345673,428032
1673,0.20964913070201874,428288
1674,0.1931157410144806,428544
1675,0.18242479860782623,428800
1676,0.201593816280365,429056
1677,0.2027283012866974,429312
1678,0.20767536759376526,429568
1679,0.1964201182126999,429824
1680,0.20382452011108398,430080
1681,0.19703985750675201,430336
1682,0.19376975297927856,430592
1683,0.2061365246772766,430848
1684,0.18895472586154938,431104
1685,0.20649629831314087,431360
1686,0.2067497819662094,431616
1687,0.21245674788951874,431872
1688,0.20149412751197815,432128
1689,0.18636611104011536,432384
1690,0.20665881037712097,432640
1691,0.192892923951149,432896
1692,0.19165758788585663,433152
1693,0.17966234683990479,433408
1694,0.2117118537425995,433664
1695,0.1936323046684265,433920
1696,0.2033582627773285,434176
1697,0.1772620677947998,434432
1698,0.19745662808418274,434688
1699,0.18330520391464233,434944
1700,0.1920192837715149,435200
1701,0.19629760086536407,435456
1702,0.2040269523859024,435712
1703,0.20244397222995758,435968
1704,0.21855410933494568,436224
1705,0.20727677643299103,436480
1706,0.18793952465057373,436736
1707,0.21741606295108795,436992
1708,0.2012084424495697,437248
1709,0.19486954808235168,437504
1710,0.19496212899684906,437760
1711,0.20663076639175415,438016
1712,0.20344318449497223,438272
1713,0.19939938187599182,438528
1714,0.20254459977149963,438784
1715,0.2082725465297699,439040
1716,0.2104918211698532,439296
1717,0.19639664888381958,439552
1718,0.20909933745861053,439808
1719,0.2043774425983429,440064
1720,0.1955115646123886,440320
1721,0.1999543309211731,440576
1722,0.18945929408073425,440832
1723,0.19767343997955322,441088
1724,0.20723970234394073,441344
1725,0.19281849265098572,441600
1726,0.19711007177829742,441856
1727,0.20606066286563873,442112
1728,0.2074064165353775,442368
1729,0.20627349615097046,442624
1730,0.20439542829990387,442880
1731,0.19072040915489197,443136
1732,0.19158536195755005,443392
1733,0.21738716959953308,443648
1734,0.19892582297325134,443904
1735,0.20441803336143494,444160
1736,0.19592884182929993,444416
1737,0.20536194741725922,444672
1738,0.19782286882400513,444928
1739,0.20870430767536163,445184
1740,0.20540396869182587,445440
1741,0.18539172410964966,445696
1742,0.20283257961273193,445952
1743,0.20758962631225586,446208
1744,0.21030114591121674,446464
1745,0.20108944177627563,446720
1746,0.19847851991653442,446976
1747,0.18530988693237305,447232
1748,0.2023191899061203,447488
1749,0.21612702310085297,447744
1750,0.22073812782764435,448000
1751,0.1940428763628006,448256
1752,0.20259101688861847,448512
1753,0.20809826254844666,448768
1754,0.20111960172653198,449024
1755,0.19413258135318756,449280
1756,0.206374391913414,449536
1757,0.19917291402816772,449792
1758,0.19756892323493958,450048
1759,0.2080308496952057,450304
1760,0.19992296397686005,450560
1761,0.20717495679855347,450816
1762,0.207767516374588,451072
1763,0.2011212557554245,451328
1764,0.1983495056629181,451584
1765,0.2111637145280838,451840
1766,0.2055520862340927,452096
1767,0.21325132250785828,452352
1768,0.20565541088581085,452608
1769,0.2066647857427597,452864
1770,0.21290630102157593,453120
1771,0.2043563574552536,453376
1772,0.18741723895072937,453632
1773,0.2065396010875702,453888
1774,0.20665974915027618,454144
1775,0.2140875905752182,454400
1776,0.19974486529827118,454656
1777,0.19877855479717255,454912
1778,0.20197609066963196,455168
1779,0.20910286903381348,455424
1780,0.20516103506088257,455680
1781,0.20294247567653656,455936
1782,0.20353148877620697,456192
1783,0.17337366938591003,456448
1784,0.2042984962463379,456704
1785,0.20142684876918793,456960
1786,0.20859016478061676,457216
1787,0.2053462266921997,457472
1788,0.20588478446006775,457728
1789,0.18355649709701538,457984
1790,0.19661854207515717,458240
1791,0.19798780977725983,458496
1792,0.2007366567850113,458752
1793,0.19501429796218872,459008
1794,0.1946413218975067,459264
1795,0.18724338710308075,459520
1796,0.20076921582221985,459776
1797,0.19538655877113342,460032
1798,0.21792572736740112,460288
1799,0.20324860513210297,460544
1800,0.21002358198165894,460800
1801,0.20952296257019043,461056
1802,0.18978288769721985,461312
1803,0.19758065044879913,461568
1804,0.19628797471523285,461824
1805,0.20632174611091614,462080
1806,0.20023712515830994,462336
1807,0.20443734526634216,462592
1808,0.21254141628742218,462848
1809,0.18543225526809692,463104
1810,0.19566352665424347,463360
1811,0.20614555478096008,463616
1812,0.19995811581611633,463872
1813,0.20809505879878998,464128
1814,0.20093096792697906,464384
1815,0.19844649732112885,464640
1816,0.21322184801101685,464896
1817,0.20337128639221191,465152
1818,0.18619048595428467,465408
1819,0.18387019634246826,465664
1820,0.2084376960992813,465920
1821,0.20680765807628632,466176
1822,0.19130034744739532,466432
1823,0.2073722630739212,466688
1824,0.1902221292257309,466944
1825,0.2075027972459793,467200
1826,0.2040654718875885,467456
1827,0.2036396712064743,467712
1828,0.20899733901023865,467968
1829,0.2048420011997223,468224
1830,0.19080212712287903,468480
1831,0.19886687397956848,468736
1832,0.20312291383743286,468992
1833,0.196111261844635,469248
1834,0.1987924426794052,469504
1835,0.20032387971878052,469760
1836,0.1936729997396469,470016
1837,0.19996380805969238,470272
1838,0.18783079087734222,470528
1839,0.2134792059659958,470784
1840,0.20361453294754028,471040
1841,0.19552692770957947,471296
1842,0.1924360990524292,471552
1843,0.22136250138282776,471808
1844,0.206760436296463,472064
1845,0.1989051252603531,472320
1846,0.19856056571006775,472576
1847,0.21036586165428162,472832
1848,0.1900755763053894,473088
1849,0.20207525789737701,473344
1850,0.20001697540283203,473600
1851,0.1919284164905548,473856
1852,0.19420763850212097,474112
1853,0.1850963681936264,474368
1854,0.20001472532749176,474624
1855,0.20283499360084534,474880
1856,0.2052507996559143,475136
1857,0.19458332657814026,475392
1858,0.2077539712190628,475648
1859,0.20047949254512787,475904
1860,0.1922304928302765,476160
1861,0.20304889976978302,476416
1862,0.18984141945838928,476672
1863,0.21652968227863312,476928
1864,0.1909879595041275,477184
1865,0.19892790913581848,477440
1866,0.19911974668502808,477696
1867,0.19167259335517883,477952
1868,0.20266051590442657,478208
1869,0.1834336370229721,478464
1870,0.19789345562458038,478720
1871,0.20575235784053802,478976
1872,0.2070881873369217,479232
1873,0.20952951908111572,479488
1874,0.1902065873146057,479744
1875,0.20698922872543335,480000
1876,0.2077515870332718,480256
1877,0.19975580275058746,480512
1878,0.20216180384159088,480768
1879,0.19830940663814545,481024
1880,0.20497459173202515,481280
1881,0.19658169150352478,481536
1882,0.1903587132692337,481792
1883,0.1908416599035263,482048
1884,0.20991289615631104,482304
1885,0.18865248560905457,482560
1886,0.2031012624502182,482816
1887,0.19111977517604828,483072
1888,0.18792371451854706,483328
1889,0.20530472695827484,483584
1890,0.20928414165973663,483840
1891,0.20983262360095978,484096
1892,0.19656483829021454,484352
1893,0.20863734185695648,484608
1894,0.2049853801727295,484864
1895,0.20514369010925293,485120
1896,0.19852754473686218,485376
1897,0.1996888667345047,485632
1898,0.19716382026672363,485888
1899,0.20661742985248566,486144
1900,0.2071419507265091,486400
1901,0.19824430346488953,486656
1902,0.20914004743099213,486912
1903,0.1993795931339264,487168
1904,0.20459209382534027,487424
1905,0.2071719914674759,487680
1906,0.20773634314537048,487936
1907,0.18612420558929443,488192
1908,0.1968943476676941,488448
1909,0.2027091234922409,488704
1910,0.2010948807001114,488960
1911,0.20625635981559753,489216
1912,0.20523737370967865,489472
1913,0.2001631110906601,489728
1914,0.202086940407753,489984
1915,0.19343304634094238,490240
1916,0.19987045228481293,490496
1917,0.1883687525987625,490752
1918,0.18078333139419556,491008
1919,0.19744530320167542,491264
1920,0.19769950211048126,491520
1921,0.19428689777851105,491776
1922,0.20448796451091766,492032
1923,0.20675770938396454,492288
1924,0.19943980872631073,492544
1925,0.20640167593955994,492800
1926,0.20721477270126343,493056
1927,0.19936442375183105,493312
1928,0.19608008861541748,493568
1929,0.1984470635652542,493824
1930,0.20020583271980286,494080
1931,0.1913105547428131,494336
1932,0.195338174700737,494592
1933,0.21528907120227814,494848
1934,0.1974870264530182,495104
1935,0.21051444113254547,495360
1936,0.199562668800354,495616
1937,0.20597310364246368,495872
1938,0.1958390176296234,496128
1939,0.21138083934783936,496384
1940,0.1943097710609436,496640
1941,0.20678378641605377,496896
1942,0.19867472350597382,497152
1943,0.20489168167114258,497408
1944,0.20079044997692108,497664
1945,0.20225372910499573,497920
1946,0.192055344581604,498176
1947,0.18983949720859528,498432
1948,0.21090269088745117,498688
1949,0.20496131479740143,498944
1950,0.19985556602478027,499200
1951,0.20452992618083954,499456
1952,0.20786848664283752,499712
1953,0.19660770893096924,499968
1954,0.2023414969444275,500224
1955,0.20836932957172394,500480
1956,0.2087508589029312,500736
1957,0.1946551501750946,500992
1958,0.18801409006118774,501248
1959,0.18966172635555267,501504
1960,0.2024925947189331,501760
1961,0.20349745452404022,502016
1962,0.201801136136055,502272
1963,0.1988922655582428,502528
1964,0.21019746363162994,502784
1965,0.20832982659339905,503040
1966,0.1998147964477539,503296
1967,0.20058493316173553,503552
1968,0.20362350344657898,503808
1969,0.20390327274799347,504064
1970,0.20692981779575348,504320
1971,0.19908061623573303,504576
1972,0.20077906548976898,504832
1973,0.2103218138217926,505088
1974,0.18925192952156067,505344
1975,0.18415269255638123,505600
1976,0.19591443240642548,505856
1977,0.2076522409915924,506112
1978,0.20275138318538666,506368
1979,0.20945824682712555,506624
1980,0.20733368396759033,506880
1981,0.2001807987689972,507136
1982,0.21254608035087585,507392
1983,0.20149356126785278,507648
1984,0.2036505788564682,507904
1985,0.1995348483324051,508160
1986,0.20431756973266602,508416
1987,0.21546562016010284,508672
1988,0.19334985315799713,508928
1989,0.18415142595767975,509184
1990,0.2012559473514557,509440
1991,0.19569611549377441,509696
1992,0.18821273744106293,509952
1993,0.19731511175632477,510208
1994,0.19635769724845886,510464
1995,0.20145756006240845,510720
1996,0.20920678973197937,510976
1997,0.2070636749267578,511232
1998,0.1915517896413803,511488
1999,0.19247904419898987,511744
2000,0.1957431584596634,512000
2001,0.20758844912052155,512256
2002,0.20964379608631134,512512
2003,0.20251372456550598,512768
2004,0.2062871903181076,513024
2005,0.18884897232055664,513280
2006,0.20473259687423706,513536
2007,0.21007877588272095,513792
2008,0.19465720653533936,514048
2009,0.21037140488624573,514304
2010,0.19804106652736664,514560
2011,0.20200443267822266,514816
2012,0.21723324060440063,515072
2013,0.21496328711509705,515328
2014,0.20245125889778137,515584
2015,0.1962474286556244,515840
2016,0.19029425084590912,516096
2017,0.1902698427438736,516352
2018,0.20577940344810486,516608
2019,0.20237624645233154,516864
2020,0.21592211723327637,517120
2021,0.1994054764509201,517376
2022,0.1875079870223999,517632
2023,0.2088855803012848,517888
2024,0.1909797638654709,518144
2025,0.20669199526309967,518400
2026,0.19159230589866638,518656
2027,0.19576938450336456,518912
2028,0.1920667439699173,519168
2029,0.19663649797439575,519424
2030,0.19411267340183258,519680
2031,0.20571525394916534,519936
2032,0.19199052453041077,520192
2033,0.1936689168214798,520448
2034,0.21509544551372528,520704
2035,0.19924396276474,520960
2036,0.20373228192329407,521216
2037,0.19783039391040802,521472
2038,0.21242240071296692,521728
2039,0.20568998157978058,521984
2040,0.212421253323555,522240
2041,0.20228667557239532,522496
2042,0.20278507471084595,522752
2043,0.20853276550769806,523008
2044,0.17540574073791504,523264
2045,0.20461967587471008,523520
2046,0.19029566645622253,523776
2047,0.2076796591281891,524032
2048,0.2027464509010315,524288
2049,0.191496804356575,524544
2050,0.19854415953159332,524800
2051,0.19991351664066315,525056
2052,0.214873805642128,525312
2053,0.19896946847438812,525568
2054,0.19419926404953003,525824
2055,0.20340286195278168,526080
2056,0.20039479434490204,526336
2057,0.19625143706798553,526592
2058,0.20451973378658295,526848
2059,0.20388811826705933,527104
2060,0.21988876163959503,527360
2061,0.21934005618095398,527616
2062,0.21133553981781006,527872
2063,0.18499243259429932,528128
2064,0.2014346569776535,528384
2065,0.20256631076335907,528640
2066,0.2094208300113678,528896
2067,0.20378677546977997,529152
2068,0.19999197125434875,529408
2069,0.19125212728977203,529664
2070,0.17592306435108185,529920
2071,0.20441335439682007,530176
2072,0.20485426485538483,530432
2073,0.20292426645755768,530688
2074,0.20544378459453583,530944
2075,0.19550670683383942,531200
2076,0.1858953982591629,531456
2077,0.19835194945335388,531712
2078,0.18913359940052032,531968
2079,0.19569243490695953,532224
2080,0.19774755835533142,532480
2081,0.19902403652668,532736
2082,0.2006557434797287,532992
2083,0.19928227365016937,533248
2084,0.20953966677188873,533504
2085,0.20352090895175934,533760
2086,0.20869487524032593,534016
2087,0.1859557181596756,534272
2088,0.21115347743034363,534528
2089,0.2103857547044754,534784
2090,0.2052484154701233,535040
2091,0.187377467751503,535296
2092,0.18893620371818542,535552
2093,0.22554196417331696,535808
2094,0.19972734153270721,536064
2095,0.20295394957065582,536320
2096,0.20169071853160858,536576
2097,0.18773213028907776,536832
2098,0.19553905725479126,537088
2099,0.1970764547586441,537344
2100,0.191787987947464,537600
2101,0.2049456536769867,537856
2102,0.19074152410030365,538112
2103,0.22281518578529358,538368
2104,0.2050398588180542,538624
2105,0.194503054022789,538880
2106,0.19951000809669495,539136
2107,0.193937748670578,539392
2108,0.20599183440208435,539648
2109,0.19923652708530426,539904
2110,0.19026410579681396,540160
2111,0.21141590178012848,540416
2112,0.18484577536582947,540672
2113,0.1919623166322708,540928
2114,0.1959639936685562,541184
2115,0.19505801796913147,541440
2116,0.20343564450740814,541696
2117,0.20737069845199585,541952
2118,0.20525845885276794,542208
2119,0.1989431083202362,542464
2120,0.19587968289852142,542720
2121,0.2012418657541275,542976
2122,0.20801392197608948,543232
2123,0.19813451170921326,543488
2124,0.2054630070924759,543744
2125,0.21093857288360596,544000
2126,0.20599335432052612,544256
2127,0.21162483096122742,544512
2128,0.2157735675573349,544768
2129,0.19593214988708496,545024
2130,0.19761931896209717,545280
2131,0.2108275592327118,545536
2132,0.19337742030620575,545792
2133,0.20567350089550018,546048
2134,0.20297321677207947,546304
2135,0.2106913924217224,546560
2136,0.2145519107580185,546816
2137,0.1992373913526535,547072
2138,0.2064618468284607,547328
2139,0.2073390781879425,547584
2140,0.21239221096038818,547840
2141,0.19795800745487213,548096
2142,0.2097213715314865,548352
2143,0.19323749840259552,548608
2144,0.1996033638715744,548864
2145,0.2014235407114029,549120
2146,0.1992725133895874,549376
2147,0.18443579971790314,549632
2148,0.21978279948234558,549888
2149,0.21675916016101837,550144
2150,0.20190170407295227,550400
2151,0.21074135601520538,550656
2152,0.19556604325771332,550912
2153,0.20333826541900635,551168
2154,0.21628670394420624,551424
2155,0.2068975418806076,551680
2156,0.19618162512779236,551936
2157,0.20127515494823456,552192
2158,0.2067423164844513,552448
2159,0.20254504680633545,552704
2160,0.19693604111671448,552960
2161,0.202195405960083,553216
2162,0.1914130300283432,553472
2163,0.19565947353839874,553728
2164,0.21113170683383942,553984
2165,0.19717369973659515,554240
2166,0.2118159383535385,554496
2167,0.1997460424900055,554752
2168,0.20578765869140625,555008
2169,0.20025821030139923,555264
2170,0.2160116732120514,555520
2171,0.18658767640590668,555776
2172,0.19997216761112213,556032
2173,0.19230802357196808,556288
2174,0.19550004601478577,556544
2175,0.1695905327796936,556800
2176,0.20576560497283936,557056
2177,0.19993111491203308,557312
2178,0.19849111139774323,557568
2179,0.20224669575691223,557824
2180,0.20403476059436798,558080
2181,0.1941935420036316,558336
2182,0.20207130908966064,558592
2183,0.20688113570213318,558848
2184,0.20179839432239532,559104
2185,0.21061116456985474,559360
2186,0.219099223613739,559616
2187,0.19619767367839813,559872
2188,0.185358464717865,560128
2189,0.2026776522397995,560384
2190,0.193462535738945,560640
2191,0.18392311036586761,560896
2192,0.186357781291008,561152
2193,0.19663497805595398,561408
2194,0.20065568387508392,561664
2195,0.20244771242141724,561920
2196,0.2033509612083435,562176
2197,0.22754131257534027,562432
2198,0.1911507546901703,562688
2199,0.20019105076789856,562944
2200,0.20897871255874634,563200
2201,0.18744951486587524,563456
2202,0.20735377073287964,563712
2203,0.17407172918319702,563968
2204,0.19440791010856628,564224
2205,0.20575883984565735,564480
2206,0.1812124103307724,564736
2207,0.21017232537269592,564992
2208,0.20068101584911346,565248
2209,0.20127937197685242,565504
2210,0.20153605937957764,565760
2211,0.21741817891597748,566016
2212,0.20042356848716736,566272
2213,0.20428183674812317,566528
2214,0.21272361278533936,566784
2215,0.19677332043647766,567040
2216,0.20179115235805511,567296
2217,0.19989724457263947,567552
2218,0.18806679546833038,567808
2219,0.19473157823085785,568064
2220,0.19731740653514862,568320
2221,0.1955643892288208,568576
2222,0.1944015622138977,568832
2223,0.18924422562122345,569088
2224,0.20179645717144012,569344
2225,0.20211097598075867,569600
2226,0.19830182194709778,569856
2227,0.20148250460624695,570112
2228,0.18511292338371277,570368
2229,0.2041524201631546,570624
2230,0.20348064601421356,570880
2231,0.18736115097999573,571136
2232,0.21986012160778046,571392
2233,0.20223665237426758,571648
2234,0.19284915924072266,571904
2235,0.20339755713939667,572160
2236,0.20699045062065125,572416
2237,0.21037358045578003,572672
2238,0.19053494930267334,572928
2239,0.20683832466602325,573184
2240,0.20388540625572205,573440
2241,0.2006232589483261,573696
2242,0.20067769289016724,573952
2243,0.20368029177188873,574208
2244,0.19094081223011017,574464
2245,0.2141505628824234,574720
2246,0.19845682382583618,574976
2247,0.19740989804267883,575232
2248,0.1894024908542633,575488
2249,0.20711706578731537,575744
2250,0.19700907170772552,576000
2251,0.18940217792987823,576256
2252,0.20475465059280396,576512
2253,0.19333969056606293,576768
2254,0.21225129067897797,577024
2255,0.2108134925365448,577280
2256,0.18844600021839142,577536
2257,0.20045529305934906,577792
2258,0.19540132582187653,578048
2259,0.21194273233413696,578304
2260,0.19855499267578125,578560
2261,0.194483682513237,578816
2262,0.1923341155052185,579072
2263,0.20979103446006775,579328
2264,0.1893320232629776,579584
2265,0.19533802568912506,579840
2266,0.20607370138168335,580096
2267,0.1830187290906906,580352
2268,0.206509530544281,580608
2269,0.2004273533821106,580864
2270,0.19671961665153503,581120
2271,0.20003385841846466,581376
2272,0.1963670700788498,581632
2273,0.20535306632518768,581888
2274,0.1960090845823288,582144
2275,0.18879172205924988,582400
2276,0.20439431071281433,582656
2277,0.18670804798603058,582912
2278,0.2125452607870102,583168
2279,0.19502495229244232,583424
2280,0.19133616983890533,583680
2281,0.20825445652008057,583936
2282,0.20118190348148346,584192
2283,0.1845063716173172,584448
2284,0.19591733813285828,584704
2285,0.1965547502040863,584960
2286,0.19687384366989136,585216
2287,0.19139644503593445,585472
2288,0.21444351971149445,585728
2289,0.19055870175361633,585984
2290,0.19098491966724396,586240
2291,0.1988126039505005,586496
2292,0.2091754674911499,586752
2293,0.19749052822589874,587008
2294,0.2059580236673355,587264
2295,0.20643006265163422,587520
2296,0.20098160207271576,587776
2297,0.21193332970142365,588032
2298,0.201018288731575,588288
2299,0.2008344829082489,588544
2300,0.19537463784217834,588800
2301,0.21003186702728271,589056
2302,0.18678607046604156,589312
2303,0.2063838690519333,589568
2304,0.20552274584770203,589824
2305,0.18973569571971893,590080
2306,0.1979558914899826,590336
2307,0.2031315416097641,590592
2308,0.20847982168197632,590848
2309,0.19142460823059082,591104
2310,0.19817271828651428,591360
2311,0.19688549637794495,591616
2312,0.1916319876909256,591872
2313,0.18742379546165466,592128
2314,0.19612427055835724,592384
2315,0.19400525093078613,592640
2316,0.20223791897296906,592896
2317,0.20270651578903198,593152
2318,0.2059793472290039,593408
2319,0.20952442288398743,593664
2320,0.21541373431682587,593920
2321,0.2151169329881668,594176
2322,0.1985340565443039,594432
2323,0.19204522669315338,594688
2324,0.21686837077140808,594944
2325,0.20810511708259583,595200
2326,0.20616908371448517,595456
2327,0.19780009984970093,595712
2328,0.20536500215530396,595968
2329,0.204316183924675,596224
2330,0.2100934386253357,596480
2331,0.20178340375423431,596736
2332,0.19802527129650116,596992
2333,0.21657755970954895,597248
2334,0.20241433382034302,597504
2335,0.1981678009033203,597760
2336,0.2060638815164566,598016
2337,0.1971743404865265,598272
2338,0.21175149083137512,598528
2339,0.19728171825408936,598784
2340,0.1930166333913803,599040
2341,0.20719419419765472,599296
2342,0.2010735273361206,599552
2343,0.2005452960729599,599808
2344,0.19307240843772888,600064
2345,0.2142624408006668,600320
2346,0.1998877227306366,600576
2347,0.19909177720546722,600832
2348,0.1929086446762085,601088
2349,0.2072591632604599,601344
2350,0.20243078470230103,601600
2351,0.1988568902015686,601856
2352,0.1999199241399765,602112
2353,0.2128421515226364,602368
2354,0.1896047592163086,602624
2355,0.20630057156085968,602880
2356,0.20365485548973083,603136
2357,0.1972324699163437,603392
2358,0.20843741297721863,603648
2359,0.20678462088108063,603904
2360,0.205425426363945,604160
2361,0.19068358838558197,604416
2362,0.20279869437217712,604672
2363,0.1984066367149353,604928
2364,0.1924382746219635,605184
2365,0.1943182796239853,605440
2366,0.2067660242319107,605696
2367,0.20070016384124756,605952
2368,0.20173561573028564,606208
2369,0.20361074805259705,606464
2370,0.2176477015018463,606720
2371,0.21761469542980194,606976
2372,0.1943618357181549,607232
2373,0.20932015776634216,607488
2374,0.1964346170425415,607744
2375,0.21022798120975494,608000
2376,0.19355188310146332,608256
2377,0.2103797197341919,608512
2378,0.2051018476486206,608768
2379,0.18895988166332245,609024
2380,0.20489105582237244,609280
2381,0.20333845913410187,609536
2382,0.19220706820487976,609792
2383,0.19522173702716827,610048
2384,0.21130816638469696,610304
2385,0.19802704453468323,610560
2386,0.19341924786567688,610816
2387,0.1915069818496704,611072
2388,0.19655263423919678,611328
2389,0.200653076171875,611584
2390,0.20575949549674988,611840
2391,0.21002128720283508,612096
2392,0.20635299384593964,612352
2393,0.1833542287349701,612608
2394,0.19802896678447723,612864
2395,0.194753497838974,613120
2396,0.18139240145683289,613376
2397,0.21007762849330902,613632
2398,0.2052815556526184,613888
2399,0.20442791283130646,614144
2400,0.20041462779045105,614400
2401,0.19160893559455872,614656
2402,0.19246327877044678,614912
2403,0.20208676159381866,615168
2404,0.21345511078834534,615424
2405,0.20981846749782562,615680
2406,0.20093120634555817,615936
2407,0.1968277245759964,616192
2408,0.18845951557159424,616448
2409,0.1972983181476593,616704
2410,0.1890774965286255,616960
2411,0.21586273610591888,617216
2412,0.2045566588640213,617472
2413,0.18856555223464966,617728
2414,0.19744843244552612,617984
2415,0.20659573376178741,618240
2416,0.19242675602436066,618496
2417,0.2038271725177765,618752
2418,0.20026043057441711,619008
2419,0.20110510289669037,619264
2420,0.19391150772571564,619520
2421,0.19865623116493225,619776
2422,0.20196203887462616,620032
2423,0.20933976769447327,620288
2424,0.21291880309581757,620544
2425,0.20069800317287445,620800
2426,0.19815799593925476,621056
2427,0.19927825033664703,621312
2428,0.18806585669517517,621568
2429,0.20328779518604279,621824
2430,0.1942688375711441,622080
2431,0.19458965957164764,622336
2432,0.20980021357536316,622592
2433,0.2098751664161682,622848
2434,0.19934490323066711,623104
2435,0.179452046751976,623360
2436,0.17405231297016144,623616
2437,0.2016827017068863,623872
2438,0.19856500625610352,624128
2439,0.2056702971458435,624384
2440,0.21314185857772827,624640
2441,0.2126179188489914,624896
2442,0.19342797994613647,625152
2443,0.19926874339580536,625408
2444,0.20570406317710876,625664
2445,0.20090985298156738,625920
2446,0.185964897274971,626176
2447,0.19033299386501312,626432
2448,0.20536547899246216,626688
2449,0.19578984379768372,626944
2450,0.1842898279428482,627200
2451,0.20535065233707428,627456
2452,0.19696055352687836,627712
2453,0.20648685097694397,627968
2454,0.1857384592294693,628224
2455,0.18734470009803772,628480
2456,0.20759880542755127,628736
2457,0.19246424734592438,628992
2458,0.1988951563835144,629248
2459,0.2123408019542694,629504
2460,0.19737188518047333,629760
2461,0.20014099776744843,630016
2462,0.1947169452905655,630272
2463,0.20910769701004028,630528
2464,0.19984203577041626,630784
2465,0.20239591598510742,631040
2466,0.1936933696269989,631296
2467,0.20237815380096436,631552
2468,0.19512350857257843,631808
2469,0.20213726162910461,632064
2470,0.18999819457530975,632320
2471,0.19697725772857666,632576
2472,0.19592095911502838,632832
2473,0.19617661833763123,633088
2474,0.19905364513397217,633344
2475,0.20420685410499573,633600
2476,0.20069371163845062,633856
2477,0.19867245852947235,634112
2478,0.19803829491138458,634368
2479,0.1930595487356186,634624
2480,0.2004936784505844,634880
2481,0.19102779030799866,635136
2482,0.19028781354427338,635392
2483,0.18675577640533447,635648
2484,0.20584216713905334,635904
2485,0.18168622255325317,636160
2486,0.20229007303714752,636416
2487,0.2123718410730362,636672
2488,0.19946244359016418,636928
2489,0.20386916399002075,637184
2490,0.1972905993461609,637440
2491,0.17954155802726746,637696
2492,0.1956031769514084,637952
2493,0.20351426303386688,638208
2494,0.20295833051204681,638464
2495,0.19770148396492004,638720
2496,0.20175322890281677,638976
2497,0.20907147228717804,639232
2498,0.1908198446035385,639488
2499,0.20788687467575073,639744
2500,0.20695166289806366,640000
2501,0.19756440818309784,640256
2502,0.20479589700698853,640512
2503,0.20314466953277588,640768
2504,0.19411371648311615,641024
2505,0.18187429010868073,641280
2506,0.19927039742469788,641536
2507,0.19254335761070251,641792
2508,0.20723827183246613,642048
2509,0.21224823594093323,642304
2510,0.19247710704803467,642560
2511,0.17852889001369476,642816
2512,0.210514634847641,643072
2513,0.20020389556884766,643328
2514,0.20035503804683685,643584
2515,0.1897622048854828,643840
2516,0.19637401401996613,644096
2517,0.21444658935070038,644352
2518,0.2079627811908722,644608
2519,0.2053133100271225,644864
2520,0.20348887145519257,645120
2521,0.19138295948505402,645376
2522,0.1907927393913269,645632
2523,0.2134055197238922,645888
2524,0.21688412129878998,646144
2525,0.2114856094121933,646400
2526,0.20223668217658997,646656
2527,0.21157167851924896,646912
2528,0.21253925561904907,647168
2529,0.21554729342460632,647424
2530,0.20481322705745697,647680
2531,0.20646242797374725,647936
2532,0.21529734134674072,648192
2533,0.19307434558868408,648448
2534,0.20329119265079498,648704
2535,0.20240066945552826,648960
2536,0.21100269258022308,649216
2537,0.18711362779140472,649472
2538,0.2168513983488083,649728
2539,0.19589932262897491,649984
2540,0.20501220226287842,650240
2541,0.17821888625621796,650496
2542,0.19767893850803375,650752
2543,0.2043791562318802,651008
2544,0.19455617666244507,651264
2545,0.22079245746135712,651520
2546,0.20461884140968323,651776
2547,0.21095342934131622,652032
2548,0.19607901573181152,652288
2549,0.18509548902511597,652544
2550,0.21648603677749634,652800
2551,0.20140285789966583,653056
2552,0.205375537276268,653312
2553,0.20209495723247528,653568
2554,0.21013620495796204,653824
2555,0.2132265567779541,654080
2556,0.19192609190940857,654336
2557,0.19636066257953644,654592
2558,0.19915424287319183,654848
2559,0.20359273254871368,655104
2560,0.19194316864013672,655360
2561,0.1986740231513977,655616
2562,0.1947133094072342,655872
2563,0.20582757890224457,656128
2564,0.21272139251232147,656384
2565,0.21911562979221344,656640
2566,0.2018306702375412,656896
2567,0.19262701272964478,657152
2568,0.2047950029373169,657408
2569,0.20169098675251007,657664
2570,0.18585753440856934,657920
2571,0.18817713856697083,658176
2572,0.18740835785865784,658432
2573,0.19660063087940216,658688
2574,0.18410074710845947,658944
2575,0.20261120796203613,659200
2576,0.1993514448404312,659456
2577,0.19479712843894958,659712
2578,0.19516555964946747,659968
2579,0.2242133468389511,660224
2580,0.1865863800048828,660480
2581,0.19450238347053528,660736
2582,0.20198677480220795,660992
2583,0.20836912095546722,661248
2584,0.18973851203918457,661504
2585,0.19685670733451843,661760
2586,0.20018315315246582,662016
2587,0.20645196735858917,662272
2588,0.19498682022094727,662528
2589,0.19565005600452423,662784
2590,0.18844488263130188,663040
2591,0.20968084037303925,663296
2592,0.19440823793411255,663552
2593,0.20163191854953766,663808
2594,0.2013530284166336,664064
2595,0.2010265737771988,664320
2596,0.1894073486328125,664576
2597,0.2119380682706833,664832
2598,0.1994170844554901,665088
2599,0.19952400028705597,665344
2600,0.18965207040309906,665600
2601,0.20423541963100433,665856
2602,0.186142697930336,666112
2603,0.2097306251525879,666368
2604,0.20046105980873108,666624
2605,0.20729884505271912,666880
2606,0.18740923702716827,667136
2607,0.19920143485069275,667392
2608,0.1890183985233307,667648
2609,0.21210487186908722,667904
2610,0.18809141218662262,668160
2611,0.19957678020000458,668416
2612,0.20220847427845,668672
2613,0.19807158410549164,668928
2614,0.19869956374168396,669184
2615,0.1934615522623062,669440
2616,0.20559613406658173,669696
2617,0.20321813225746155,669952
2618,0.20667988061904907,670208
2619,0.20720425248146057,670464
2620,0.19537273049354553,670720
2621,0.19616606831550598,670976
2622,0.19783928990364075,671232
2623,0.2053164690732956,671488
2624,0.19791248440742493,671744
2625,0.1967051923274994,672000
2626,0.18788067996501923,672256
2627,0.20596349239349365,672512
2628,0.20085567235946655,672768
2629,0.19679391384124756,673024
2630,0.21382805705070496,673280
2631,0.19647054374217987,673536
2632,0.1964949071407318,673792
2633,0.2123047262430191,674048
2634,0.2124035805463791,674304
2635,0.19860203564167023,674560
2636,0.21391230821609497,674816
2637,0.19268372654914856,675072
2638,0.20390088856220245,675328
2639,0.1911158412694931,675584
2640,0.1943250298500061,675840
2641,0.1774393916130066,676096
2642,0.19150669872760773,676352
2643,0.194260835647583,676608
2644,0.20683087408542633,676864
2645,0.19914600253105164,677120
2646,0.19188566505908966,677376
2647,0.19275906682014465,677632
2648,0.20304159820079803,677888
2649,0.18134310841560364,678144
2650,0.1904441863298416,678400
2651,0.2077808529138565,678656
2652,0.1863301545381546,678912
2653,0.20809224247932434,679168
2654,0.20543703436851501,679424
2655,0.18815676867961884,679680
2656,0.19920837879180908,679936
2657,0.21129944920539856,680192
2658,0.195331871509552,680448
2659,0.21020013093948364,680704
2660,0.20047390460968018,680960
2661,0.20419780910015106,681216
2662,0.20036470890045166,681472
2663,0.19430530071258545,681728
2664,0.19767343997955322,681984
2665,0.22190523147583008,682240
2666,0.204915851354599,682496
2667,0.19346517324447632,682752
2668,0.19773633778095245,683008
2669,0.1960512399673462,683264
2670,0.19907134771347046,683520
2671,0.20392388105392456,683776
2672,0.19405807554721832,684032
2673,0.20432661473751068,684288
2674,0.19563400745391846,684544
2675,0.2122754156589508,684800
2676,0.1926865577697754,685056
2677,0.20557455718517303,685312
2678,0.2061341553926468,685568
2679,0.1961926817893982,685824
2680,0.1960361748933792,686080
2681,0.1942138373851776,686336
2682,0.20203150808811188,686592
2683,0.2001541703939438,686848
2684,0.21516798436641693,687104
2685,0.2003505527973175,687360
2686,0.19229063391685486,687616
2687,0.20242346823215485,687872
2688,0.19866833090782166,688128
2689,0.1951601207256317,688384
2690,0.20022347569465637,688640
2691,0.21973471343517303,688896
2692,0.19263941049575806,689152
2693,0.2038506716489792,689408
2694,0.21846632659435272,689664
2695,0.19924241304397583,689920
2696,0.18998408317565918,690176
2697,0.20631887018680573,690432
2698,0.20625783503055573,690688
2699,0.19262243807315826,690944
2700,0.18857316672801971,691200
2701,0.1975831687450409,691456
2702,0.21185563504695892,691712
2703,0.18379591405391693,691968
2704,0.2045951932668686,692224
2705,0.20149831473827362,692480
2706,0.18989521265029907,692736
2707,0.19766059517860413,692992
2708,0.20081715285778046,693248
2709,0.18800294399261475,693504
2710,0.21107913553714752,693760
2711,0.2021721601486206,694016
2712,0.20372115075588226,694272
2713,0.21597228944301605,694528
2714,0.1779293715953827,694784
2715,0.19664199650287628,695040
2716,0.197879359126091,695296
2717,0.20159289240837097,695552
2718,0.19172406196594238,695808
2719,0.20288001000881195,696064
2720,0.20508454740047455,696320
2721,0.21598820388317108,696576
2722,0.19210529327392578,696832
2723,0.2114982008934021,697088
2724,0.2109019160270691,697344
2725,0.2054811716079712,697600
2726,0.2089754343032837,697856
2727,0.19878879189491272,698112
2728,0.20365476608276367,698368
2729,0.19768904149532318,698624
2730,0.1867561936378479,698880
2731,0.1977458894252777,699136
2732,0.20909881591796875,699392
2733,0.18516992032527924,699648
2734,0.20546488463878632,699904
2735,0.2080676406621933,700160
2736,0.19963037967681885,700416
2737,0.18879249691963196,700672
2738,0.2009507417678833,700928
2739,0.20268738269805908,701184
2740,0.2154781073331833,701440
2741,0.2019631415605545,701696
2742,0.2200671136379242,701952
2743,0.21984818577766418,702208
2744,0.19542460143566132,702464
2745,0.19732579588890076,702720
2746,0.20189358294010162,702976
2747,0.20581330358982086,703232
2748,0.20401376485824585,703488
2749,0.2091890573501587,703744
2750,0.19343426823616028,704000
2751,0.183953657746315,704256
2752,0.20777763426303864,704512
2753,0.21096208691596985,704768
2754,0.19569607079029083,705024
2755,0.20418216288089752,705280
2756,0.18724775314331055,705536
2757,0.18827715516090393,705792
2758,0.17959043383598328,706048
2759,0.21173737943172455,706304
2760,0.20181114971637726,706560
2761,0.20674481987953186,706816
2762,0.21194371581077576,707072
2763,0.2056029736995697,707328
2764,0.19065596163272858,707584
2765,0.2058475911617279,707840
2766,0.19050920009613037,708096
2767,0.21207290887832642,708352
2768,0.20064201951026917,708608
2769,0.1935991793870926,708864
2770,0.1936599612236023,709120
2771,0.20231057703495026,709376
2772,0.20058245956897736,709632
2773,0.20099738240242004,709888
2774,0.2046690136194229,710144
2775,0.2016550898551941,710400
2776,0.21555732190608978,710656
2777,0.20663535594940186,710912
2778,0.20364826917648315,711168
2779,0.1979188770055771,711424
2780,0.1903122067451477,711680
2781,0.1859654188156128,711936
2782,0.20721736550331116,712192
2783,0.1965005248785019,712448
2784,0.2049417346715927,712704
2785,0.20180383324623108,712960
2786,0.1966095119714737,713216
2787,0.21869201958179474,713472
2788,0.20608027279376984,713728
2789,0.20012687146663666,713984
2790,0.18971844017505646,714240
2791,0.2034904509782791,714496
2792,0.20243173837661743,714752
2793,0.20187829434871674,715008
2794,0.19315533339977264,715264
2795,0.20307312905788422,715520
2796,0.20104385912418365,715776
2797,0.18887834250926971,716032
2798,0.20756638050079346,716288
2799,0.1830025464296341,716544
2800,0.19005288183689117,716800
2801,0.20806609094142914,717056
2802,0.20357148349285126,717312
2803,0.20194202661514282,717568
2804,0.2137252390384674,717824
2805,0.20093227922916412,718080
2806,0.20547352731227875,718336
2807,0.1990680992603302,718592
2808,0.193155437707901,718848
2809,0.20331786572933197,719104
2810,0.1926276683807373,719360
2811,0.20412364602088928,719616
2812,0.20388798415660858,719872
2813,0.19867484271526337,720128
2814,0.21742084622383118,720384
2815,0.19396226108074188,720640
2816,0.20647218823432922,720896
2817,0.20032602548599243,721152
2818,0.20298241078853607,721408
2819,0.1978137195110321,721664
2820,0.20284757018089294,721920
2821,0.20290236175060272,722176
2822,0.19348834455013275,722432
2823,0.1978786736726761,722688
2824,0.21894049644470215,722944
2825,0.18951356410980225,723200
2826,0.20890584588050842,723456
2827,0.2017146646976471,723712
2828,0.2094060629606247,723968
2829,0.19795073568820953,724224
2830,0.19454261660575867,724480
2831,0.19710221886634827,724736
2832,0.1971716582775116,724992
2833,0.1959107220172882,725248
2834,0.19667698442935944,725504
2835,0.19662973284721375,725760
2836,0.19788073003292084,726016
2837,0.20202817022800446,726272
2838,0.20495909452438354,726528
2839,0.18583692610263824,726784
2840,0.19686029851436615,727040
2841,0.19293440878391266,727296
2842,0.2097233682870865,727552
2843,0.18574494123458862,727808
2844,0.20414216816425323,728064
2845,0.20305579900741577,728320
2846,0.200032040476799,728576
2847,0.19337300956249237,728832
2848,0.20387239754199982,729088
2849,0.19832700490951538,729344
2850,0.1780577301979065,729600
2851,0.18263745307922363,729856
2852,0.20040567219257355,730112
2853,0.20404307544231415,730368
2854,0.20459142327308655,730624
2855,0.18923193216323853,730880
2856,0.19647184014320374,731136
2857,0.20515355467796326,731392
2858,0.1988801509141922,731648
2859,0.2069966048002243,731904
2860,0.20344308018684387,732160
2861,0.19559457898139954,732416
2862,0.19770626723766327,732672
2863,0.18906494975090027,732928
2864,0.19568410515785217,733184
2865,0.19813105463981628,733440
2866,0.22481659054756165,733696
2867,0.1949659287929535,733952
2868,0.20077966153621674,734208
2869,0.20219245553016663,734464
2870,0.2165408879518509,734720
2871,0.1992298811674118,734976
2872,0.19968567788600922,735232
2873,0.19447043538093567,735488
2874,0.2084626853466034,735744
2875,0.21433845162391663,736000
2876,0.1958068609237671,736256
2877,0.19018645584583282,736512
2878,0.20001602172851562,736768
2879,0.19586530327796936,737024
2880,0.18341319262981415,737280
2881,0.19139058887958527,737536
2882,0.1947292983531952,737792
2883,0.19820436835289001,738048
2884,0.202250674366951,738304
2885,0.20333167910575867,738560
2886,0.20948241651058197,738816
2887,0.20331980288028717,739072
2888,0.19304095208644867,739328
2889,0.1996072381734848,739584
2890,0.19142656028270721,739840
2891,0.20998579263687134,740096
2892,0.1920495182275772,740352
2893,0.1909252256155014,740608
2894,0.19928383827209473,740864
2895,0.1948540210723877,741120
2896,0.19062092900276184,741376
2897,0.20572637021541595,741632
2898,0.20549950003623962,741888
2899,0.19824638962745667,742144
2900,0.20718801021575928,742400
2901,0.19048726558685303,742656
2902,0.1927279382944107,742912
2903,0.1897498220205307,743168
2904,0.18778473138809204,743424
2905,0.1941787451505661,743680
2906,0.19367220997810364,743936
2907,0.1954195499420166,744192
2908,0.20620590448379517,744448
2909,0.18890583515167236,744704
2910,0.18655924499034882,744960
2911,0.18683861196041107,745216
2912,0.19536016881465912,745472
2913,0.20411144196987152,745728
2914,0.20952767133712769,745984
2915,0.2016093134880066,746240
2916,0.20079562067985535,746496
2917,0.20240972936153412,746752
2918,0.1896245777606964,747008
2919,0.20357754826545715,747264
2920,0.19227223098278046,747520
2921,0.20199599862098694,747776
2922,0.21911436319351196,748032
2923,0.1906316727399826,748288
2924,0.20061403512954712,748544
2925,0.20653489232063293,748800
2926,0.20438441634178162,749056
2927,0.19498760998249054,749312
2928,0.19442622363567352,749568
2929,0.19112180173397064,749824
2930,0.19965671002864838,750080
2931,0.19609718024730682,750336
2932,0.18459837138652802,750592
2933,0.19400890171527863,750848
2934,0.20059101283550262,751104
2935,0.19951415061950684,751360
2936,0.21201786398887634,751616
2937,0.19049443304538727,751872
2938,0.20117278397083282,752128
2939,0.19167616963386536,752384
2940,0.2006988227367401,752640
2941,0.21190905570983887,752896
2942,0.19781789183616638,753152
2943,0.19822756946086884,753408
2944,0.19167476892471313,753664
2945,0.20780876278877258,753920
2946,0.21461276710033417,754176
2947,0.19388672709465027,754432
2948,0.20452924072742462,754688
2949,0.20933260023593903,754944
2950,0.19898195564746857,755200
2951,0.20018257200717926,755456
2952,0.1995455026626587,755712
2953,0.20329473912715912,755968
2954,0.19647888839244843,756224
2955,0.18856662511825562,756480
2956,0.2060924619436264,756736
2957,0.2170327752828598,756992
2958,0.20042064785957336,757248
2959,0.19415707886219025,757504
2960,0.20996850728988647,757760
2961,0.20160922408103943,758016
2962,0.20628458261489868,758272
2963,0.20219910144805908,758528
2964,0.19405080378055573,758784
2965,0.20303478837013245,759040
2966,0.2165236622095108,759296
2967,0.18762454390525818,759552
2968,0.20872192084789276,759808
2969,0.20108546316623688,760064
2970,0.1858283430337906,760320
2971,0.19531764090061188,760576
2972,0.19272899627685547,760832
2973,0.19804249703884125,761088
2974,0.1975746750831604,761344
2975,0.20319660007953644,761600
2976,0.2036730945110321,761856
2977,0.2075367420911789,762112
2978,0.21288664638996124,762368
2979,0.19186221063137054,762624
2980,0.21507906913757324,762880
2981,0.2110316902399063,763136
2982,0.18729649484157562,763392
2983,0.19235624372959137,763648
2984,0.2016465961933136,763904
2985,0.20639930665493011,764160
2986,0.21336528658866882,764416
2987,0.20351065695285797,764672
2988,0.19425642490386963,764928
2989,0.20900310575962067,765184
2990,0.19363301992416382,765440
2991,0.19938674569129944,765696
2992,0.19740913808345795,765952
2993,0.20189088582992554,766208
2994,0.18940268456935883,766464
2995,0.19023580849170685,766720
2996,0.19823332130908966,766976
2997,0.19755199551582336,767232
2998,0.18411074578762054,767488
2999,0.20489832758903503,767744
3000,0.19605109095573425,768000
3001,0.19017072021961212,768256
3002,0.19695569574832916,768512
3003,0.20288042724132538,768768
3004,0.1988416612148285,769024
3005,0.20037464797496796,769280
3006,0.1998417228460312,769536
3007,0.19718129932880402,769792
3008,0.20488017797470093,770048
3009,0.18802699446678162,770304
3010,0.21112088859081268,770560
3011,0.18705451488494873,770816
3012,0.19670043885707855,771072
3013,0.1961975395679474,771328
3014,0.19511233270168304,771584
3015,0.1986098438501358,771840
3016,0.19895796477794647,772096
3017,0.20704948902130127,772352
3018,0.18794338405132294,772608
3019,0.1965252310037613,772864
3020,0.20570701360702515,773120
3021,0.20030520856380463,773376
3022,0.20018741488456726,773632
3023,0.21220900118350983,773888
3024,0.20318858325481415,774144
3025,0.215115025639534,774400
3026,0.20959019660949707,774656
3027,0.19830043613910675,774912
3028,0.19425667822360992,775168
3029,0.1943846493959427,775424
3030,0.2046094834804535,775680
3031,0.2129850834608078,775936
3032,0.19438156485557556,776192
3033,0.19335024058818817,776448
3034,0.19586654007434845,776704
3035,0.1825622320175171,776960
3036,0.20665910840034485,777216
3037,0.20049002766609192,777472
3038,0.2062348574399948,777728
3039,0.21222525835037231,777984
3040,0.1912337988615036,778240
3041,0.21339601278305054,778496
3042,0.1902683973312378,778752
3043,0.20021705329418182,779008
3044,0.20354697108268738,779264
3045,0.20953722298145294,779520
3046,0.19982226192951202,779776
3047,0.20264242589473724,780032
3048,0.20390653610229492,780288
3049,0.2095610797405243,780544
3050,0.20146159827709198,780800
3051,0.20989075303077698,781056
3052,0.20058457553386688,781312
3053,0.21105055510997772,781568
3054,0.1915920376777649,781824
3055,0.1864386945962906,782080
3056,0.2040737271308899,782336
3057,0.20481175184249878,782592
3058,0.20256049931049347,782848
3059,0.2016776204109192,783104
3060,0.2141813188791275,783360
3061,0.19545044004917145,783616
3062,0.19846729934215546,783872
3063,0.18644216656684875,784128
3064,0.19156679511070251,784384
3065,0.18882375955581665,784640
3066,0.20367635786533356,784896
3067,0.1922445148229599,785152
3068,0.19595712423324585,785408
3069,0.19499707221984863,785664
3070,0.195464089512825,785920
3071,0.2088579386472702,786176
3072,0.19732148945331573,786432
3073,0.2028580904006958,786688
3074,0.19798098504543304,786944
3075,0.20377366244792938,787200
3076,0.19788245856761932,787456
3077,0.20374447107315063,787712
3078,0.2061801701784134,787968
3079,0.20585021376609802,788224
3080,0.20916952192783356,788480
3081,0.2107224464416504,788736
3082,0.20703153312206268,788992
3083,0.2037326544523239,789248
3084,0.20583021640777588,789504
3085,0.19061468541622162,789760
3086,0.21604369580745697,790016
3087,0.21071884036064148,790272
3088,0.20993022620677948,790528
3089,0.2129809707403183,790784
3090,0.20470891892910004,791040
3091,0.20985311269760132,791296
3092,0.20557379722595215,791552
3093,0.19706326723098755,791808
3094,0.20341487228870392,792064
3095,0.1877710223197937,792320
3096,0.20578324794769287,792576
3097,0.20286962389945984,792832
3098,0.20947691798210144,793088
3099,0.20587106049060822,793344
3100,0.19767817854881287,793600
3101,0.20414087176322937,793856
3102,0.20148563385009766,794112
3103,0.1995164155960083,794368
3104,0.20780152082443237,794624
3105,0.19595769047737122,794880
3106,0.1992863565683365,795136
3107,0.19757288694381714,795392
3108,0.19081567227840424,795648
3109,0.20598000288009644,795904
3110,0.20428363978862762,796160
3111,0.1867000013589859,796416
3112,0.20525139570236206,796672
3113,0.2071445733308792,796928
3114,0.18100319802761078,797184
3115,0.2018670290708542,797440
3116,0.20990988612174988,797696
3117,0.19716504216194153,797952
3118,0.19245728850364685,798208
3119,0.1953161209821701,798464
3120,0.19643057882785797,798720
3121,0.21009944379329681,798976
3122,0.1923975646495819,799232
3123,0.20461338758468628,799488
3124,0.19983427226543427,799744
3125,0.20302504301071167,800000
3126,0.19293636083602905,800256
3127,0.20532064139842987,800512
3128,0.20181690156459808,800768
3129,0.18911360204219818,801024
3130,0.19491060078144073,801280
3131,0.20095741748809814,801536
3132,0.2121475636959076,801792
3133,0.21815446019172668,802048
3134,0.20218542218208313,802304
3135,0.20458316802978516,802560
3136,0.19704243540763855,802816
3137,0.2042439579963684,803072
3138,0.20223833620548248,803328
3139,0.20143909752368927,803584
3140,0.1854068785905838,803840
3141,0.1978229135274887,804096
3142,0.21200703084468842,804352
3143,0.20603087544441223,804608
3144,0.20709919929504395,804864
3145,0.20319098234176636,805120
3146,0.21353638172149658,805376
3147,0.19960010051727295,805632
3148,0.19368217885494232,805888
3149,0.19096778333187103,806144
3150,0.19450539350509644,806400
3151,0.20229089260101318,806656
3152,0.20462320744991302,806912
3153,0.22060626745224,807168
3154,0.19475579261779785,807424
3155,0.20633545517921448,807680
3156,0.19833658635616302,807936
3157,0.1931895911693573,808192
3158,0.1925041675567627,808448
3159,0.20731395483016968,808704
3160,0.21804767847061157,808960
3161,0.20098714530467987,809216
3162,0.19988711178302765,809472
3163,0.18846237659454346,809728
3164,0.19368836283683777,809984
3165,0.20566684007644653,810240
3166,0.2012411206960678,810496
3167,0.1953275203704834,810752
3168,0.1960025131702423,811008
3169,0.1911250799894333,811264
3170,0.20760665833950043,811520
3171,0.20768988132476807,811776
3172,0.21066102385520935,812032
3173,0.20565684139728546,812288
3174,0.2021617591381073,812544
3175,0.21897737681865692,812800
3176,0.1932637244462967,813056
3177,0.19529858231544495,813312
3178,0.1966928392648697,813568
3179,0.2012949436903,813824
3180,0.2064845710992813,814080
3181,0.20581623911857605,814336
3182,0.21013784408569336,814592
3183,0.2008223831653595,814848
3184,0.21446894109249115,815104
3185,0.19623854756355286,815360
3186,0.20696574449539185,815616
3187,0.19745972752571106,815872
3188,0.19726820290088654,816128
3189,0.19687364995479584,816384
3190,0.1931140124797821,816640
3191,0.21436767280101776,816896
3192,0.20173755288124084,817152
3193,0.20477566123008728,817408
3194,0.1972983479499817,817664
3195,0.18607600033283234,817920
3196,0.20598632097244263,818176
3197,0.19675545394420624,818432
3198,0.2018756866455078,818688
3199,0.1985023319721222,818944
3200,0.19251012802124023,819200
3201,0.19616685807704926,819456
3202,0.2072312831878662,819712
3203,0.18739068508148193,819968
3204,0.20689129829406738,820224
3205,0.1994827389717102,820480
3206,0.20533359050750732,820736
3207,0.20681606233119965,820992
3208,0.19589094817638397,821248
3209,0.2169097661972046,821504
3210,0.20133741199970245,821760
3211,0.22580483555793762,822016
3212,0.191650390625,822272
3213,0.19381780922412872,822528
3214,0.19806139171123505,822784
3215,0.1928638070821762,823040
3216,0.19948425889015198,823296
3217,0.21539980173110962,823552
3218,0.20458249747753143,823808
3219,0.1961614489555359,824064
3220,0.20346957445144653,824320
3221,0.18860407173633575,824576
3222,0.19402936100959778,824832
3223,0.19470399618148804,825088
3224,0.18902602791786194,825344
3225,0.18865801393985748,825600
3226,0.20485833287239075,825856
3227,0.19904865324497223,826112
3228,0.201939657330513,826368
3229,0.202698215842247,826624
3230,0.20447443425655365,826880
3231,0.19003047049045563,827136
3232,0.21224051713943481,827392
3233,0.19108223915100098,827648
3234,0.21095316112041473,827904
3235,0.210478276014328,828160
3236,0.22443021833896637,828416
3237,0.19041579961776733,828672
3238,0.201579287648201,828928
3239,0.1996949166059494,829184
3240,0.19981908798217773,829440
3241,0.20527292788028717,829696
3242,0.19565598666667938,829952
3243,0.20304901897907257,830208
3244,0.2016768753528595,830464
3245,0.1907779425382614,830720
3246,0.20728757977485657,830976
3247,0.19935274124145508,831232
3248,0.1952703446149826,831488
3249,0.18439404666423798,831744
3250,0.19538988173007965,832000
3251,0.19397586584091187,832256
3252,0.20018276572227478,832512
3253,0.19243691861629486,832768
3254,0.19105911254882812,833024
3255,0.19916406273841858,833280
3256,0.2071973830461502,833536
3257,0.19218651950359344,833792
3258,0.2090606838464737,834048
3259,0.18941183388233185,834304
3260,0.20603229105472565,834560
3261,0.20552285015583038,834816
3262,0.20856504142284393,835072
3263,0.19521725177764893,835328
3264,0.2025170624256134,835584
3265,0.2164059579372406,835840
3266,0.21950626373291016,836096
3267,0.1914552003145218,836352
3268,0.20108510553836823,836608
3269,0.20599092543125153,836864
3270,0.18643231689929962,837120
3271,0.19029368460178375,837376
3272,0.19097255170345306,837632
3273,0.21498075127601624,837888
3274,0.2012394666671753,838144
3275,0.20174019038677216,838400
3276,0.19852644205093384,838656
3277,0.21082232892513275,838912
3278,0.19423186779022217,839168
3279,0.21087674796581268,839424
3280,0.19041207432746887,839680
3281,0.20072950422763824,839936
3282,0.1770446002483368,840192
3283,0.1714116334915161,840448
3284,0.20887471735477448,840704
3285,0.18490482866764069,840960
3286,0.1997244507074356,841216
3287,0.19034922122955322,841472
3288,0.20623724162578583,841728
3289,0.2013346552848816,841984
3290,0.19778096675872803,842240
3291,0.1977202594280243,842496
3292,0.20459318161010742,842752
3293,0.2028925120830536,843008
3294,0.20393308997154236,843264
3295,0.20364704728126526,843520
3296,0.20298050343990326,843776
3297,0.19196942448616028,844032
3298,0.2105143666267395,844288
3299,0.2088165283203125,844544
3300,0.2137729823589325,844800
3301,0.20960749685764313,845056
3302,0.205648735165596,845312
3303,0.21759705245494843,845568
3304,0.19778473675251007,845824
3305,0.20448273420333862,846080
3306,0.18943968415260315,846336
3307,0.2008502334356308,846592
3308,0.2035701423883438,846848
3309,0.19612717628479004,847104
3310,0.2186722457408905,847360
3311,0.18088136613368988,847616
3312,0.19678358733654022,847872
3313,0.19460803270339966,848128
3314,0.1922149509191513,848384
3315,0.19392789900302887,848640
3316,0.194731205701828,848896
3317,0.18939168751239777,849152
3318,0.21140047907829285,849408
3319,0.19501429796218872,849664
3320,0.1981794238090515,849920
3321,0.2028772234916687,850176
3322,0.2070748507976532,850432
3323,0.21468262374401093,850688
3324,0.1952511966228485,850944
3325,0.20503683388233185,851200
3326,0.21380311250686646,851456
3327,0.19746600091457367,851712
3328,0.19856493175029755,851968
3329,0.2047918438911438,852224
3330,0.18091320991516113,852480
3331,0.2014884650707245,852736
3332,0.20951169729232788,852992
3333,0.1963007003068924,853248
3334,0.20485886931419373,853504
3335,0.21478712558746338,853760
3336,0.19751271605491638,854016
3337,0.19247882068157196,854272
3338,0.20411066710948944,854528
3339,0.21162725985050201,854784
3340,0.20807577669620514,855040
3341,0.20400020480155945,855296
3342,0.21056552231311798,855552
3343,0.2037353217601776,855808
3344,0.20787006616592407,856064
3345,0.20994414389133453,856320
3346,0.21634218096733093,856576
3347,0.21094338595867157,856832
3348,0.19473136961460114,857088
3349,0.18304449319839478,857344
3350,0.19688963890075684,857600
3351,0.1894877403974533,857856
3352,0.20369865000247955,858112
3353,0.1994095742702484,858368
3354,0.20874550938606262,858624
3355,0.20321309566497803,858880
3356,0.20398272573947906,859136
3357,0.18389518558979034,859392
3358,0.20592735707759857,859648
3359,0.20485252141952515,859904
3360,0.19959361851215363,860160
3361,0.21077102422714233,860416
3362,0.2032533586025238,860672
3363,0.1938987523317337,860928
3364,0.21808482706546783,861184
3365,0.20647074282169342,861440
3366,0.1957682967185974,861696
3367,0.206390380859375,861952
3368,0.1937202513217926,862208
3369,0.19041867554187775,862464
3370,0.18809440732002258,862720
3371,0.18080253899097443,862976
3372,0.20304149389266968,863232
3373,0.21531066298484802,863488
3374,0.18538053333759308,863744
3375,0.19688796997070312,864000
3376,0.19838039577007294,864256
3377,0.18851454555988312,864512
3378,0.20817679166793823,864768
3379,0.19974690675735474,865024
3380,0.20823156833648682,865280
3381,0.20794722437858582,865536
3382,0.19861659407615662,865792
3383,0.20517469942569733,866048
3384,0.2006867378950119,866304
3385,0.2001260370016098,866560
3386,0.20683589577674866,866816
3387,0.19230403006076813,867072
3388,0.19322733581066132,867328
3389,0.1996874064207077,867584
3390,0.18798448145389557,867840
3391,0.19899462163448334,868096
3392,0.1830349862575531,868352
3393,0.19651024043560028,868608
3394,0.1965460181236267,868864
3395,0.21571528911590576,869120
3396,0.205347940325737,869376
3397,0.1916036158800125,869632
3398,0.19124609231948853,869888
3399,0.18887783586978912,870144
3400,0.20284800231456757,870400
3401,0.19657795131206512,870656
3402,0.1897674947977066,870912
3403,0.19100122153759003,871168
3404,0.195780947804451,871424
3405,0.2008417844772339,871680
3406,0.1895008534193039,871936
3407,0.19798259437084198,872192
3408,0.20695416629314423,872448
3409,0.19761447608470917,872704
3410,0.1955968141555786,872960
3411,0.2025892436504364,873216
3412,0.20050472021102905,873472
3413,0.1709691435098648,873728
3414,0.20252066850662231,873984
3415,0.19920651614665985,874240
3416,0.1813325583934784,874496
3417,0.1914941668510437,874752
3418,0.20009930431842804,875008
3419,0.19976209104061127,875264
3420,0.2143954187631607,875520
3421,0.20485010743141174,875776
3422,0.20384444296360016,876032
3423,0.21273554861545563,876288
3424,0.20831772685050964,876544
3425,0.20878474414348602,876800
3426,0.20560838282108307,877056
3427,0.19498108327388763,877312
3428,0.19467800855636597,877568
3429,0.19277553260326385,877824
3430,0.19626915454864502,878080
3431,0.19288381934165955,878336
3432,0.1866060197353363,878592
3433,0.20814122259616852,878848
3434,0.2007654458284378,879104
3435,0.20298020541667938,879360
3436,0.19155725836753845,879616
3437,0.19295044243335724,879872
3438,0.19352896511554718,880128
3439,0.1943671852350235,880384
3440,0.19484402239322662,880640
3441,0.20302699506282806,880896
3442,0.20159386098384857,881152
3443,0.21681798994541168,881408
3444,0.19996574521064758,881664
3445,0.21827572584152222,881920
3446,0.21402683854103088,882176
3447,0.19714324176311493,882432
3448,0.20618493854999542,882688
3449,0.2042577564716339,882944
3450,0.186844140291214,883200
3451,0.19494374096393585,883456
3452,0.19651514291763306,883712
3453,0.20793595910072327,883968
3454,0.20665612816810608,884224
3455,0.1947920322418213,884480
3456,0.1801244020462036,884736
3457,0.20685029029846191,884992
3458,0.21347416937351227,885248
3459,0.20077632367610931,885504
3460,0.19462168216705322,885760
3461,0.1933458149433136,886016
3462,0.20146463811397552,886272
3463,0.20882852375507355,886528
3464,0.19797153770923615,886784
3465,0.1958138346672058,887040
3466,0.1935162991285324,887296
3467,0.19060516357421875,887552
3468,0.19955147802829742,887808
3469,0.19346848130226135,888064
3470,0.19762757420539856,888320
3471,0.20251257717609406,888576
3472,0.19664336740970612,888832
3473,0.19754205644130707,889088
3474,0.20371882617473602,889344
3475,0.19986477494239807,889600
3476,0.20544050633907318,889856
3477,0.1945229023694992,890112
3478,0.21567535400390625,890368
3479,0.19248655438423157,890624
3480,0.19313818216323853,890880
3481,0.2100202739238739,891136
3482,0.20304198563098907,891392
3483,0.20972280204296112,891648
3484,0.20030103623867035,891904
3485,0.20770809054374695,892160
3486,0.21347704529762268,892416
3487,0.19400358200073242,892672
3488,0.20977243781089783,892928
3489,0.18496550619602203,893184
3490,0.20821553468704224,893440
3491,0.19413962960243225,893696
3492,0.19335737824440002,893952
3493,0.19531437754631042,894208
3494,0.19654172658920288,894464
3495,0.2059244066476822,894720
3496,0.2028404325246811,894976
3497,0.194180428981781,895232
3498,0.1907672882080078,895488
3499,0.2003503441810608,895744
3500,0.18764212727546692,896000
3501,0.19720709323883057,896256
3502,0.19611430168151855,896512
3503,0.19901855289936066,896768
3504,0.20685286819934845,897024
3505,0.20400890707969666,897280
3506,0.2030089795589447,897536
3507,0.20307013392448425,897792
3508,0.19991303980350494,898048
3509,0.20067991316318512,898304
3510,0.18673856556415558,898560
3511,0.20674897730350494,898816
3512,0.19534218311309814,899072
3513,0.20286323130130768,899328
3514,0.20344685018062592,899584
3515,0.1969306319952011,899840
3516,0.2054770588874817,900096
3517,0.18067114055156708,900352
3518,0.20187939703464508,900608
3519,0.18576979637145996,900864
3520,0.20163114368915558,901120
3521,0.20353011786937714,901376
3522,0.19675521552562714,901632
3523,0.19717280566692352,901888
3524,0.1898566037416458,902144
3525,0.20542201399803162,902400
3526,0.2180139720439911,902656
3527,0.20994332432746887,902912
3528,0.19802634418010712,903168
3529,0.2072584331035614,903424
3530,0.19315530359745026,903680
3531,0.2081879824399948,903936
3532,0.2123614400625229,904192
3533,0.18863005936145782,904448
3534,0.20903655886650085,904704
3535,0.22122038900852203,904960
3536,0.2026742845773697,905216
3537,0.1932706981897354,905472
3538,0.1958828866481781,905728
3539,0.2079526036977768,905984
3540,0.1814497858285904,906240
3541,0.19868457317352295,906496
3542,0.20146170258522034,906752
3543,0.1902410387992859,907008
3544,0.19918130338191986,907264
3545,0.2144186645746231,907520
3546,0.184576615691185,907776
3547,0.19960814714431763,908032
3548,0.18461158871650696,908288
3549,0.198733389377594,908544
3550,0.2039920687675476,908800
3551,0.20521071553230286,909056
3552,0.2011512815952301,909312
3553,0.20073479413986206,909568
3554,0.20227554440498352,909824
3555,0.20767512917518616,910080
3556,0.19591651856899261,910336
3557,0.19259588420391083,910592
3558,0.1964433342218399,910848
3559,0.201156347990036,911104
3560,0.20149151980876923,911360
3561,0.20089909434318542,911616
3562,0.18430690467357635,911872
3563,0.18148264288902283,912128
3564,0.19007036089897156,912384
3565,0.19547556340694427,912640
3566,0.20959365367889404,912896
3567,0.1940956860780716,913152
3568,0.19386619329452515,913408
3569,0.20849846303462982,913664
3570,0.2084483504295349,913920
3571,0.1908290684223175,914176
3572,0.20250074565410614,914432
3573,0.1805289387702942,914688
3574,0.20790305733680725,914944
3575,0.20147401094436646,915200
3576,0.21639110147953033,915456
3577,0.206028014421463,915712
3578,0.1966596394777298,915968
3579,0.2059449851512909,916224
3580,0.20085468888282776,916480
3581,0.2092670500278473,916736
3582,0.19990848004817963,916992
3583,0.19527742266654968,917248
3584,0.20451141893863678,917504
3585,0.20495817065238953,917760
3586,0.19429777562618256,918016
3587,0.1950576901435852,918272
3588,0.19374923408031464,918528
3589,0.18733781576156616,918784
3590,0.2065826803445816,919040
3591,0.20435939729213715,919296
3592,0.19103944301605225,919552
3593,0.20675590634346008,919808
3594,0.19444525241851807,920064
3595,0.2038211077451706,920320
3596,0.1928313821554184,920576
3597,0.19780868291854858,920832
3598,0.19689738750457764,921088
3599,0.205979123711586,921344
3600,0.1862896829843521,921600
3601,0.18436028063297272,921856
3602,0.19366732239723206,922112
3603,0.20266275107860565,922368
3604,0.18070457875728607,922624
3605,0.20504193007946014,922880
3606,0.19686251878738403,923136
3607,0.1958313286304474,923392
3608,0.18021643161773682,923648
3609,0.20274494588375092,923904
3610,0.20697146654129028,924160
3611,0.20811817049980164,924416
3612,0.18900251388549805,924672
3613,0.20910866558551788,924928
3614,0.2041444480419159,925184
3615,0.2063818722963333,925440
3616,0.20489318668842316,925696
3617,0.21424943208694458,925952
3618,0.20681314170360565,926208
3619,0.20097850263118744,926464
3620,0.2012166976928711,926720
3621,0.1911458820104599,926976
3622,0.18176086246967316,927232
3623,0.19504393637180328,927488
3624,0.19880183041095734,927744
3625,0.1984955072402954,928000
3626,0.19836486876010895,928256
3627,0.21287260949611664,928512
3628,0.20153118669986725,928768
3629,0.18774214386940002,929024
3630,0.1898023933172226,929280
3631,0.2065351903438568,929536
3632,0.1973547488451004,929792
3633,0.19858914613723755,930048
3634,0.19543728232383728,930304
3635,0.18531745672225952,930560
3636,0.19582967460155487,930816
3637,0.20574288070201874,931072
3638,0.21054235100746155,931328
3639,0.20356681942939758,931584
3640,0.184626042842865,931840
3641,0.20424999296665192,932096
3642,0.20245087146759033,932352
3643,0.1888810098171234,932608
3644,0.1884872317314148,932864
3645,0.20147018134593964,933120
3646,0.21307553350925446,933376
3647,0.19852998852729797,933632
3648,0.20954009890556335,933888
3649,0.20697833597660065,934144
3650,0.21206238865852356,934400
3651,0.1888827234506607,934656
3652,0.19975784420967102,934912
3653,0.2157362699508667,935168
3654,0.20005014538764954,935424
3655,0.19476406276226044,935680
3656,0.18902818858623505,935936
3657,0.20680928230285645,936192
3658,0.20011882483959198,936448
3659,0.20047731697559357,936704
3660,0.20956574380397797,936960
3661,0.200718492269516,937216
3662,0.20496828854084015,937472
3663,0.21710649132728577,937728
3664,0.21348997950553894,937984
3665,0.20342907309532166,938240
3666,0.20281746983528137,938496
3667,0.19498929381370544,938752
3668,0.2023746520280838,939008
3669,0.20510448515415192,939264
3670,0.1979334056377411,939520
3671,0.201361745595932,939776
3672,0.18767213821411133,940032
3673,0.18724441528320312,940288
3674,0.20460371673107147,940544
3675,0.20086421072483063,940800
3676,0.19567973911762238,941056
3677,0.19286762177944183,941312
3678,0.20488481223583221,941568
3679,0.20772908627986908,941824
3680,0.1978258490562439,942080
3681,0.19988107681274414,942336
3682,0.2056449055671692,942592
3683,0.1875322014093399,942848
3684,0.1915230005979538,943104
3685,0.1905258148908615,943360
3686,0.19780607521533966,943616
3687,0.20122970640659332,943872
3688,0.20228348672389984,944128
3689,0.1850026249885559,944384
3690,0.2077610343694687,944640
3691,0.1999586671590805,944896
3692,0.18565496802330017,945152
3693,0.199961856007576,945408
3694,0.20651409029960632,945664
3695,0.1958174705505371,945920
3696,0.1977977156639099,946176
3697,0.19553302228450775,946432
3698,0.1928049623966217,946688
3699,0.197154238820076,946944
3700,0.20140190422534943,947200
3701,0.21407921612262726,947456
3702,0.2051060050725937,947712
3703,0.19213329255580902,947968
3704,0.20471464097499847,948224
3705,0.18682695925235748,948480
3706,0.19318406283855438,948736
3707,0.19955123960971832,948992
3708,0.19057245552539825,949248
3709,0.20546384155750275,949504
3710,0.20136210322380066,949760
3711,0.19276264309883118,950016
3712,0.19645488262176514,950272
3713,0.19272302091121674,950528
3714,0.1920168697834015,950784
3715,0.2000124752521515,951040
3716,0.19140535593032837,951296
3717,0.20310978591442108,951552
3718,0.19485853612422943,951808
3719,0.2091318964958191,952064
3720,0.203626349568367,952320
3721,0.19508646428585052,952576
3722,0.20188164710998535,952832
3723,0.19100065529346466,953088
3724,0.19726364314556122,953344
3725,0.20142364501953125,953600
3726,0.20994511246681213,953856
3727,0.19161351025104523,954112
3728,0.2043697088956833,954368
3729,0.1895657479763031,954624
3730,0.19877485930919647,954880
3731,0.19234579801559448,955136
3732,0.16093634068965912,955392
3733,0.21673570573329926,955648
3734,0.20112420618534088,955904
3735,0.19504521787166595,956160
3736,0.21048504114151,956416
3737,0.20643530786037445,956672
3738,0.1961958259344101,956928
3739,0.2021368145942688,957184
3740,0.20826424658298492,957440
3741,0.2104678899049759,957696
3742,0.20364338159561157,957952
3743,0.20232591032981873,958208
3744,0.18595649302005768,958464
3745,0.1961718499660492,958720
3746,0.20703500509262085,958976
3747,0.201786607503891,959232
3748,0.19440752267837524,959488
3749,0.20501819252967834,959744
3750,0.20796148478984833,960000
3751,0.20111939311027527,960256
3752,0.19872787594795227,960512
3753,0.21368592977523804,960768
3754,0.1952713429927826,961024
3755,0.1884428709745407,961280
3756,0.19988036155700684,961536
3757,0.21365700662136078,961792
3758,0.2069346308708191,962048
3759,0.1901400238275528,962304
3760,0.191780686378479,962560
3761,0.19721625745296478,962816
3762,0.20078636705875397,963072
3763,0.20964813232421875,963328
3764,0.21595153212547302,963584
3765,0.19988639652729034,963840
3766,0.21257184445858002,964096
3767,0.19865627586841583,964352
3768,0.19566920399665833,964608
3769,0.21179179847240448,964864
3770,0.19322428107261658,965120
3771,0.20466715097427368,965376
3772,0.2089831531047821,965632
3773,0.20575101673603058,965888
3774,0.21342110633850098,966144
3775,0.20427195727825165,966400
3776,0.1894465684890747,966656
3777,0.2006644308567047,966912
3778,0.20661067962646484,967168
3779,0.1967637538909912,967424
3780,0.19158446788787842,967680
3781,0.20359309017658234,967936
3782,0.2030535340309143,968192
3783,0.2026694267988205,968448
3784,0.19196853041648865,968704
3785,0.20522287487983704,968960
3786,0.21573591232299805,969216
3787,0.19528239965438843,969472
3788,0.20505598187446594,969728
3789,0.1939675509929657,969984
3790,0.1938275396823883,970240
3791,0.20558279752731323,970496
3792,0.19739535450935364,970752
3793,0.19877150654792786,971008
3794,0.20004817843437195,971264
3795,0.20410369336605072,971520
3796,0.20229029655456543,971776
3797,0.1972799152135849,972032
3798,0.21677935123443604,972288
3799,0.20127896964550018,972544
3800,0.19458623230457306,972800
3801,0.2152414172887802,973056
3802,0.18296383321285248,973312
3803,0.2022344172000885,973568
3804,0.20593805611133575,973824
3805,0.17227044701576233,974080
3806,0.19984997808933258,974336
3807,0.18910834193229675,974592
3808,0.20471328496932983,974848
3809,0.18356989324092865,975104
3810,0.2031012326478958,975360
3811,0.19631680846214294,975616
3812,0.2045266479253769,975872
3813,0.20832902193069458,976128
3814,0.20502343773841858,976384
3815,0.19382205605506897,976640
3816,0.20334620773792267,976896
3817,0.19584868848323822,977152
3818,0.1993187814950943,977408
3819,0.2081129103899002,977664
3820,0.21280725300312042,977920
3821,0.20638206601142883,978176
3822,0.19881965219974518,978432
3823,0.20334450900554657,978688
3824,0.20762886106967926,978944
3825,0.2014613002538681,979200
3826,0.21043440699577332,979456
3827,0.19473181664943695,979712
3828,0.20413856208324432,979968
3829,0.20306476950645447,980224
3830,0.19574864208698273,980480
3831,0.20032957196235657,980736
3832,0.19212330877780914,980992
3833,0.21117302775382996,981248
3834,0.20487068593502045,981504
3835,0.1983126699924469,981760
3836,0.19118842482566833,982016
3837,0.2183789163827896,982272
3838,0.1992885321378708,982528
3839,0.20927214622497559,982784
3840,0.19738079607486725,983040
3841,0.18922273814678192,983296
3842,0.20546527206897736,983552
3843,0.19753779470920563,983808
3844,0.208171546459198,984064
3845,0.21127097308635712,984320
3846,0.20502667129039764,984576
3847,0.18722230195999146,984832
3848,0.2008361965417862,985088
3849,0.20042002201080322,985344
3850,0.18919728696346283,985600
3851,0.19426730275154114,985856
3852,0.20186908543109894,986112
3853,0.1851593405008316,986368
3854,0.21038174629211426,986624
3855,0.19400733709335327,986880
3856,0.18801774084568024,987136
3857,0.1896693855524063,987392
3858,0.1911623626947403,987648
3859,0.1795596182346344,987904
3860,0.2068820297718048,988160
3861,0.2072904407978058,988416
3862,0.19874456524848938,988672
3863,0.20457732677459717,988928
3864,0.2155238538980484,989184
3865,0.19981493055820465,989440
3866,0.20539379119873047,989696
3867,0.2129773497581482,989952
3868,0.18876968324184418,990208
3869,0.1959122121334076,990464
3870,0.1977863311767578,990720
3871,0.20901905000209808,990976
3872,0.2108139991760254,991232
3873,0.1959715485572815,991488
3874,0.21631838381290436,991744
3875,0.21739260852336884,992000
3876,0.20490184426307678,992256
3877,0.20252101123332977,992512
3878,0.20832213759422302,992768
3879,0.1998002678155899,993024
3880,0.20747119188308716,993280
3881,0.20123448967933655,993536
3882,0.20206613838672638,993792
3883,0.19961364567279816,994048
3884,0.20994672179222107,994304
3885,0.1925513595342636,994560
3886,0.20287267863750458,994816
3887,0.19753314554691315,995072
3888,0.196914404630661,995328
3889,0.1940663605928421,995584
3890,0.20780809223651886,995840
3891,0.21521660685539246,996096
3892,0.19664834439754486,996352
3893,0.21436478197574615,996608
3894,0.19496095180511475,996864
3895,0.21849891543388367,997120
3896,0.1996399313211441,997376
3897,0.20220007002353668,997632
3898,0.19338448345661163,997888
3899,0.19381248950958252,998144
3900,0.20478294789791107,998400
3901,0.19221161305904388,998656
3902,0.19730310142040253,998912
3903,0.1961524784564972,999168
3904,0.19410806894302368,999424
3905,0.190519779920578,999680
3906,0.1868702620267868,999936
3907,0.2005663812160492,1000192
3908,0.20326317846775055,1000448
3909,0.19708573818206787,1000704
3910,0.21467851102352142,1000960
3911,0.21579517424106598,1001216
3912,0.19946128129959106,1001472
3913,0.18871620297431946,1001728
3914,0.200231671333313,1001984
3915,0.19345992803573608,1002240
3916,0.1981840282678604,1002496
3917,0.2086724191904068,1002752
3918,0.1914154440164566,1003008
3919,0.20122122764587402,1003264
3920,0.1920957863330841,1003520
3921,0.21030402183532715,1003776
3922,0.20500868558883667,1004032
3923,0.19041994214057922,1004288
3924,0.1999906450510025,1004544
3925,0.1964251548051834,1004800
3926,0.21245023608207703,1005056
3927,0.1936785727739334,1005312
3928,0.1897566318511963,1005568
3929,0.1962626576423645,1005824
3930,0.20941218733787537,1006080
3931,0.21160432696342468,1006336
3932,0.2013436257839203,1006592
3933,0.18498606979846954,1006848
3934,0.19512954354286194,1007104
3935,0.2088964283466339,1007360
3936,0.192758247256279,1007616
3937,0.19889110326766968,1007872
3938,0.18298794329166412,1008128
3939,0.19936135411262512,1008384
3940,0.19063754379749298,1008640
3941,0.19696378707885742,1008896
3942,0.17779944837093353,1009152
3943,0.19985544681549072,1009408
3944,0.1997520476579666,1009664
3945,0.20973017811775208,1009920
3946,0.19545337557792664,1010176
3947,0.19627805054187775,1010432
3948,0.19967657327651978,1010688
3949,0.18877950310707092,1010944
3950,0.21300114691257477,1011200
3951,0.1903253197669983,1011456
3952,0.20306067168712616,1011712
3953,0.20151618123054504,1011968
3954,0.19185015559196472,1012224
3955,0.18875813484191895,1012480
3956,0.1858537644147873,1012736
3957,0.20699946582317352,1012992
3958,0.20579466223716736,1013248
3959,0.20420534908771515,1013504
3960,0.19756707549095154,1013760
3961,0.18409116566181183,1014016
3962,0.18824003636837006,1014272
3963,0.19016629457473755,1014528
3964,0.1847287118434906,1014784
3965,0.20218981802463531,1015040
3966,0.19904449582099915,1015296
3967,0.1879662126302719,1015552
3968,0.20799292623996735,1015808
3969,0.2035323530435562,1016064
3970,0.2154766023159027,1016320
3971,0.19847111403942108,1016576
3972,0.20631343126296997,1016832
3973,0.1978583186864853,1017088
3974,0.19783101975917816,1017344
3975,0.20014162361621857,1017600
3976,0.18764916062355042,1017856
3977,0.21453998982906342,1018112
3978,0.21352410316467285,1018368
3979,0.2059556394815445,1018624
3980,0.19370286166667938,1018880
3981,0.2023068070411682,1019136
3982,0.1967218518257141,1019392
3983,0.1824687123298645,1019648
3984,0.209366574883461,1019904
3985,0.19619745016098022,1020160
3986,0.19061808288097382,1020416
3987,0.1953875571489334,1020672
3988,0.22185535728931427,1020928
3989,0.19968760013580322,1021184
3990,0.18414835631847382,1021440
3991,0.18618613481521606,1021696
3992,0.18923810124397278,1021952
3993,0.1955869048833847,1022208
3994,0.20157378911972046,1022464
3995,0.20161299407482147,1022720
3996,0.2061442732810974,1022976
3997,0.20570477843284607,1023232
3998,0.19757288694381714,1023488
3999,0.20552174746990204,1023744
4000,0.22054563462734222,1024000
4001,0.19971692562103271,1024256
4002,0.20527280867099762,1024512
4003,0.20701666176319122,1024768
4004,0.21054552495479584,1025024
4005,0.20486856997013092,1025280
4006,0.20491944253444672,1025536
4007,0.21698957681655884,1025792
4008,0.1959681361913681,1026048
4009,0.19340184330940247,1026304
4010,0.20269687473773956,1026560
4011,0.1910124570131302,1026816
4012,0.19334717094898224,1027072
4013,0.20310495793819427,1027328
4014,0.19225651025772095,1027584
4015,0.20866505801677704,1027840
4016,0.20249614119529724,1028096
4017,0.19379748404026031,1028352
4018,0.2150762528181076,1028608
4019,0.21237333118915558,1028864
4020,0.19978000223636627,1029120
4021,0.20014266669750214,1029376
4022,0.20895320177078247,1029632
4023,0.1890786737203598,1029888
4024,0.19625310599803925,1030144
4025,0.21094201505184174,1030400
4026,0.19385701417922974,1030656
4027,0.2101687490940094,1030912
4028,0.19717395305633545,1031168
4029,0.21144846081733704,1031424
4030,0.21384407579898834,1031680
4031,0.20043696463108063,1031936
4032,0.20382598042488098,1032192
4033,0.2037239372730255,1032448
4034,0.18013378977775574,1032704
4035,0.20272476971149445,1032960
4036,0.20233772695064545,1033216
4037,0.2020103484392166,1033472
4038,0.20726995170116425,1033728
4039,0.21145327389240265,1033984
4040,0.20758488774299622,1034240
4041,0.19324952363967896,1034496
4042,0.20849020779132843,1034752
4043,0.20028242468833923,1035008
4044,0.19675961136817932,1035264
4045,0.18556350469589233,1035520
4046,0.2156282514333725,1035776
4047,0.19682230055332184,1036032
4048,0.22076456248760223,1036288
4049,0.20253624022006989,1036544
4050,0.20764386653900146,1036800
4051,0.1845831573009491,1037056
4052,0.19771797955036163,1037312
4053,0.19849921762943268,1037568
4054,0.20868852734565735,1037824
4055,0.2079504132270813,1038080
4056,0.2034493088722229,1038336
4057,0.20262488722801208,1038592
4058,0.20761774480342865,1038848
4059,0.19519785046577454,1039104
4060,0.1982993632555008,1039360
4061,0.20145529508590698,1039616
4062,0.20575104653835297,1039872
4063,0.20711727440357208,1040128
4064,0.20884163677692413,1040384
4065,0.18998774886131287,1040640
4066,0.20505987107753754,1040896
4067,0.19606980681419373,1041152
4068,0.2182445228099823,1041408
4069,0.21232232451438904,1041664
4070,0.20360544323921204,1041920
4071,0.20530231297016144,1042176
4072,0.21176712214946747,1042432
4073,0.19610455632209778,1042688
4074,0.19221772253513336,1042944
4075,0.20169095695018768,1043200
4076,0.20101061463356018,1043456
4077,0.2051571011543274,1043712
4078,0.20677299797534943,1043968
4079,0.19884683191776276,1044224
4080,0.2057752162218094,1044480
4081,0.20001763105392456,1044736
4082,0.18568451702594757,1044992
4083,0.20074620842933655,1045248
4084,0.19140416383743286,1045504
4085,0.19484613835811615,1045760
4086,0.2044190615415573,1046016
4087,0.2004482001066208,1046272
4088,0.18982791900634766,1046528
4089,0.20811088383197784,1046784
4090,0.20655906200408936,1047040
4091,0.19865132868289948,1047296
4092,0.19695204496383667,1047552
4093,0.1936715990304947,1047808
4094,0.21451126039028168,1048064
4095,0.20725856721401215,1048320
4096,0.19544045627117157,1048576
4097,0.1868644505739212,1048832
4098,0.21609501540660858,1049088
4099,0.20720180869102478,1049344
4100,0.19632285833358765,1049600
4101,0.1981751173734665,1049856
4102,0.1845071166753769,1050112
4103,0.20918510854244232,1050368
4104,0.18135322630405426,1050624
4105,0.20103096961975098,1050880
4106,0.20023831725120544,1051136
4107,0.19772937893867493,1051392
4108,0.197970449924469,1051648
4109,0.19640594720840454,1051904
4110,0.19434523582458496,1052160
4111,0.19737453758716583,1052416
4112,0.21599073708057404,1052672
4113,0.18352244794368744,1052928
4114,0.20001082122325897,1053184
4115,0.19749867916107178,1053440
4116,0.21003946661949158,1053696
4117,0.19016294181346893,1053952
4118,0.2010802924633026,1054208
4119,0.18015792965888977,1054464
4120,0.20524640381336212,1054720
4121,0.2051093727350235,1054976
4122,0.2181815505027771,1055232
4123,0.20972789824008942,1055488
4124,0.2011728584766388,1055744
4125,0.2049754559993744,1056000
4126,0.20118987560272217,1056256
4127,0.20718547701835632,1056512
4128,0.19707481563091278,1056768
4129,0.20244091749191284,1057024
4130,0.20393450558185577,1057280
4131,0.19105374813079834,1057536
4132,0.2004125416278839,1057792
4133,0.19338394701480865,1058048
4134,0.20029902458190918,1058304
4135,0.2016734778881073,1058560
4136,0.19232499599456787,1058816
4137,0.1942315399646759,1059072
4138,0.20183314383029938,1059328
4139,0.20369966328144073,1059584
4140,0.19933582842350006,1059840
4141,0.20214971899986267,1060096
4142,0.1970653384923935,1060352
4143,0.20084327459335327,1060608
4144,0.18146023154258728,1060864
4145,0.19123418629169464,1061120
4146,0.19136445224285126,1061376
4147,0.19656971096992493,1061632
4148,0.20904581248760223,1061888
4149,0.1979645937681198,1062144
4150,0.20539695024490356,1062400
4151,0.1941932886838913,1062656
4152,0.1964864581823349,1062912
4153,0.20034562051296234,1063168
4154,0.19890816509723663,1063424
4155,0.21856628358364105,1063680
4156,0.19162589311599731,1063936
4157,0.181060791015625,1064192
4158,0.198652982711792,1064448
4159,0.20805194973945618,1064704
4160,0.21272720396518707,1064960
4161,0.18824653327465057,1065216
4162,0.20233595371246338,1065472
4163,0.19418099522590637,1065728
4164,0.2010711431503296,1065984
4165,0.19401033222675323,1066240
4166,0.20111355185508728,1066496
4167,0.19510939717292786,1066752
4168,0.19123871624469757,1067008
4169,0.19834591448307037,1067264
4170,0.21484559774398804,1067520
4171,0.20193730294704437,1067776
4172,0.1962326169013977,1068032
4173,0.20625944435596466,1068288
4174,0.18765802681446075,1068544
4175,0.19953851401805878,1068800
4176,0.21013636887073517,1069056
4177,0.21096521615982056,1069312
4178,0.20323175191879272,1069568
4179,0.2115022987127304,1069824
4180,0.2024541199207306,1070080
4181,0.18749889731407166,1070336
4182,0.1983518749475479,1070592
4183,0.20369233191013336,1070848
4184,0.20211587846279144,1071104
4185,0.1865374892950058,1071360
4186,0.17922186851501465,1071616
4187,0.1961318701505661,1071872
4188,0.20280179381370544,1072128
4189,0.19330619275569916,1072384
4190,0.20766524970531464,1072640
4191,0.2114846259355545,1072896
4192,0.20835605263710022,1073152
4193,0.194675475358963,1073408
4194,0.20973968505859375,1073664
4195,0.19303765892982483,1073920
4196,0.19399335980415344,1074176
4197,0.19969598948955536,1074432
4198,0.18937644362449646,1074688
4199,0.19708505272865295,1074944
4200,0.20048773288726807,1075200
4201,0.18743155896663666,1075456
4202,0.196297749876976,1075712
4203,0.19529061019420624,1075968
4204,0.20763200521469116,1076224
4205,0.19250211119651794,1076480
4206,0.2076720893383026,1076736
4207,0.20285972952842712,1076992
4208,0.19419130682945251,1077248
4209,0.19122529029846191,1077504
4210,0.19311954081058502,1077760
4211,0.20640286803245544,1078016
4212,0.22061075270175934,1078272
4213,0.18997950851917267,1078528
4214,0.20024466514587402,1078784
4215,0.20669813454151154,1079040
4216,0.20890037715435028,1079296
4217,0.2063170075416565,1079552
4218,0.20479774475097656,1079808
4219,0.19797101616859436,1080064
4220,0.2146614044904709,1080320
4221,0.1834479421377182,1080576
4222,0.21048815548419952,1080832
4223,0.1940036118030548,1081088
4224,0.19617217779159546,1081344
4225,0.198611319065094,1081600
4226,0.20212844014167786,1081856
4227,0.20048606395721436,1082112
4228,0.19961518049240112,1082368
4229,0.2108527421951294,1082624
4230,0.19844867289066315,1082880
4231,0.20281089842319489,1083136
4232,0.2047741711139679,1083392
4233,0.1971382051706314,1083648
4234,0.21016672253608704,1083904
4235,0.21011754870414734,1084160
4236,0.195074200630188,1084416
4237,0.2060067504644394,1084672
4238,0.17634634673595428,1084928
4239,0.20061147212982178,1085184
4240,0.1968984305858612,1085440
4241,0.19588282704353333,1085696
4242,0.19123855233192444,1085952
4243,0.1962735503911972,1086208
4244,0.1782107949256897,1086464
4245,0.20188911259174347,1086720
4246,0.22150348126888275,1086976
4247,0.19844883680343628,1087232
4248,0.20038466155529022,1087488
4249,0.19777929782867432,1087744
4250,0.20587848126888275,1088000
4251,0.19891345500946045,1088256
4252,0.21769866347312927,1088512
4253,0.20039841532707214,1088768
4254,0.20470981299877167,1089024
4255,0.2179996818304062,1089280
4256,0.20518013834953308,1089536
4257,0.1996084749698639,1089792
4258,0.19444338977336884,1090048
4259,0.20718969404697418,1090304
4260,0.19923144578933716,1090560
4261,0.21135859191417694,1090816
4262,0.19832868874073029,1091072
4263,0.20284587144851685,1091328
4264,0.18952763080596924,1091584
4265,0.2027885764837265,1091840
4266,0.22079114615917206,1092096
4267,0.1954089105129242,1092352
4268,0.1942460834980011,1092608
4269,0.20457614958286285,1092864
4270,0.21073418855667114,1093120
4271,0.2112201303243637,1093376
4272,0.19065560400485992,1093632
4273,0.21158474683761597,1093888
4274,0.2025747150182724,1094144
4275,0.2010154277086258,1094400
4276,0.19383586943149567,1094656
4277,0.18011048436164856,1094912
4278,0.20745602250099182,1095168
4279,0.19535380601882935,1095424
4280,0.19923289120197296,1095680
4281,0.21139535307884216,1095936
4282,0.19486252963542938,1096192
4283,0.19254723191261292,1096448
4284,0.19833862781524658,1096704
4285,0.1912456750869751,1096960
4286,0.18838384747505188,1097216
4287,0.2039598673582077,1097472
4288,0.2062341272830963,1097728
4289,0.2032226175069809,1097984
4290,0.19107015430927277,1098240
4291,0.19868941605091095,1098496
4292,0.20430463552474976,1098752
4293,0.1966831237077713,1099008
4294,0.2011602371931076,1099264
4295,0.21073417365550995,1099520
4296,0.19945360720157623,1099776
4297,0.19749952852725983,1100032
4298,0.19867612421512604,1100288
4299,0.20600973069667816,1100544
4300,0.19105114042758942,1100800
4301,0.20545783638954163,1101056
4302,0.1942742019891739,1101312
4303,0.21259981393814087,1101568
4304,0.19804096221923828,1101824
4305,0.20793096721172333,1102080
4306,0.18499192595481873,1102336
4307,0.19621053338050842,1102592
4308,0.2003982961177826,1102848
4309,0.19721217453479767,1103104
4310,0.18947656452655792,1103360
4311,0.20106984674930573,1103616
4312,0.20147867500782013,1103872
4313,0.20265038311481476,1104128
4314,0.186052605509758,1104384
4315,0.2032841444015503,1104640
4316,0.20517773926258087,1104896
4317,0.1841874122619629,1105152
4318,0.2113194763660431,1105408
4319,0.19311867654323578,1105664
4320,0.2023112177848816,1105920
4321,0.1939781904220581,1106176
4322,0.2022673487663269,1106432
4323,0.20239050686359406,1106688
4324,0.208083376288414,1106944
4325,0.20466415584087372,1107200
4326,0.20437520742416382,1107456
4327,0.1758282631635666,1107712
4328,0.2024555653333664,1107968
4329,0.2082560658454895,1108224
4330,0.1969258189201355,1108480
4331,0.21436293423175812,1108736
4332,0.21585950255393982,1108992
4333,0.20173171162605286,1109248
4334,0.19825924932956696,1109504
4335,0.18965698778629303,1109760
4336,0.1926582157611847,1110016
4337,0.2138274908065796,1110272
4338,0.21163170039653778,1110528
4339,0.19313190877437592,1110784
4340,0.2027241587638855,1111040
4341,0.19842995703220367,1111296
4342,0.18894799053668976,1111552
4343,0.19595518708229065,1111808
4344,0.20819737017154694,1112064
4345,0.19520294666290283,1112320
4346,0.19782933592796326,1112576
4347,0.20378640294075012,1112832
4348,0.2098827064037323,1113088
4349,0.19946622848510742,1113344
4350,0.2020016610622406,1113600
4351,0.20011042058467865,1113856
4352,0.1924414485692978,1114112
4353,0.19139450788497925,1114368
4354,0.2025189995765686,1114624
4355,0.1922687292098999,1114880
4356,0.20766915380954742,1115136
4357,0.1849314123392105,1115392
4358,0.1851498931646347,1115648
4359,0.22245609760284424,1115904
4360,0.19957177340984344,1116160
4361,0.19257961213588715,1116416
4362,0.2048141211271286,1116672
4363,0.21362046897411346,1116928
4364,0.21016716957092285,1117184
4365,0.202891007065773,1117440
4366,0.1961735337972641,1117696
4367,0.19905714690685272,1117952
4368,0.20091302692890167,1118208
4369,0.18991844356060028,1118464
4370,0.1939265877008438,1118720
4371,0.19057747721672058,1118976
4372,0.20109663903713226,1119232
4373,0.2037350982427597,1119488
4374,0.19548462331295013,1119744
4375,0.21065454185009003,1120000
4376,0.19769610464572906,1120256
4377,0.19700637459754944,1120512
4378,0.1902831643819809,1120768
4379,0.20028826594352722,1121024
4380,0.19521968066692352,1121280
4381,0.20798781514167786,1121536
4382,0.1786518096923828,1121792
4383,0.19207067787647247,1122048
4384,0.21158485114574432,1122304
4385,0.20800070464611053,1122560
4386,0.18777714669704437,1122816
4387,0.20291849970817566,1123072
4388,0.20582757890224457,1123328
4389,0.20438604056835175,1123584
4390,0.1902502477169037,1123840
4391,0.20258036255836487,1124096
4392,0.2032995969057083,1124352
4393,0.20000259578227997,1124608
4394,0.19784820079803467,1124864
4395,0.2054193764925003,1125120
4396,0.20233501493930817,1125376
4397,0.20068995654582977,1125632
4398,0.19401568174362183,1125888
4399,0.21096362173557281,1126144
4400,0.1974714696407318,1126400
4401,0.20369860529899597,1126656
4402,0.19317714869976044,1126912
4403,0.20884735882282257,1127168
4404,0.20522072911262512,1127424
4405,0.1987922489643097,1127680
4406,0.20952023565769196,1127936
4407,0.20056994259357452,1128192
4408,0.19074155390262604,1128448
4409,0.19139695167541504,1128704
4410,0.19897904992103577,1128960
4411,0.188590407371521,1129216
4412,0.2023497074842453,1129472
4413,0.19189685583114624,1129728
4414,0.1950455605983734,1129984
4415,0.19682268798351288,1130240
4416,0.1982271671295166,1130496
4417,0.192377969622612,1130752
4418,0.20644430816173553,1131008
4419,0.19788312911987305,1131264
4420,0.20445869863033295,1131520
4421,0.196971595287323,1131776
4422,0.175406351685524,1132032
4423,0.20669357478618622,1132288
4424,0.20166610181331635,1132544
4425,0.20152625441551208,1132800
4426,0.18803727626800537,1133056
4427,0.20664358139038086,1133312
4428,0.1954490691423416,1133568
4429,0.2075577676296234,1133824
4430,0.1949586570262909,1134080
4431,0.19501611590385437,1134336
4432,0.2031238079071045,1134592
4433,0.2000059336423874,1134848
4434,0.20730535686016083,1135104
4435,0.20573316514492035,1135360
4436,0.19126735627651215,1135616
4437,0.19425848126411438,1135872
4438,0.20439673960208893,1136128
4439,0.2049572616815567,1136384
4440,0.21083477139472961,1136640
4441,0.18884971737861633,1136896
4442,0.19294726848602295,1137152
4443,0.20969486236572266,1137408
4444,0.20127204060554504,1137664
4445,0.20244596898555756,1137920
4446,0.19385512173175812,1138176
4447,0.20522212982177734,1138432
4448,0.20528681576251984,1138688
4449,0.19006085395812988,1138944
4450,0.20488132536411285,1139200
4451,0.19941602647304535,1139456
4452,0.20859310030937195,1139712
4453,0.188953697681427,1139968
4454,0.18939252197742462,1140224
4455,0.21294933557510376,1140480
4456,0.19995611906051636,1140736
4457,0.20297563076019287,1140992
4458,0.1939184069633484,1141248
4459,0.19504687190055847,1141504
4460,0.20251378417015076,1141760
4461,0.20346423983573914,1142016
4462,0.20483526587486267,1142272
4463,0.19762158393859863,1142528
4464,0.19101260602474213,1142784
4465,0.20778420567512512,1143040
4466,0.20177191495895386,1143296
4467,0.2030247449874878,1143552
4468,0.18886440992355347,1143808
4469,0.20424167811870575,1144064
4470,0.19923190772533417,1144320
4471,0.18773910403251648,1144576
4472,0.18426501750946045,1144832
4473,0.2020900696516037,1145088
4474,0.1975734531879425,1145344
4475,0.19669291377067566,1145600
4476,0.2044830471277237,1145856
4477,0.2069200724363327,1146112
4478,0.2076718509197235,1146368
4479,0.19079327583312988,1146624
4480,0.20364724099636078,1146880
4481,0.20479391515254974,1147136
4482,0.20054906606674194,1147392
4483,0.2098677158355713,1147648
4484,0.2031238079071045,1147904
4485,0.20089712738990784,1148160
4486,0.2017386108636856,1148416
4487,0.20025275647640228,1148672
4488,0.20203188061714172,1148928
4489,0.20662538707256317,1149184
4490,0.20166632533073425,1149440
4491,0.2065173089504242,1149696
4492,0.20167876780033112,1149952
4493,0.20939092338085175,1150208
4494,0.19479525089263916,1150464
4495,0.2033558338880539,1150720
4496,0.20498952269554138,1150976
4497,0.20797200500965118,1151232
4498,0.19920624792575836,1151488
4499,0.21010328829288483,1151744
4500,0.21316547691822052,1152000
4501,0.20762431621551514,1152256
4502,0.20589639246463776,1152512
4503,0.19682852923870087,1152768
4504,0.19420231878757477,1153024
4505,0.1985064446926117,1153280
4506,0.18587273359298706,1153536
4507,0.1803191602230072,1153792
4508,0.20076197385787964,1154048
4509,0.19113357365131378,1154304
4510,0.19252796471118927,1154560
4511,0.2075788974761963,1154816
4512,0.20203346014022827,1155072
4513,0.1961522102355957,1155328
4514,0.19956858456134796,1155584
4515,0.2014409601688385,1155840
4516,0.20028287172317505,1156096
4517,0.20503006875514984,1156352
4518,0.20592273771762848,1156608
4519,0.18997295200824738,1156864
4520,0.19464148581027985,1157120
4521,0.2018841654062271,1157376
4522,0.20319493114948273,1157632
4523,0.20159292221069336,1157888
4524,0.19358457624912262,1158144
4525,0.20298157632350922,1158400
4526,0.19354207813739777,1158656
4527,0.20510491728782654,1158912
4528,0.19829171895980835,1159168
4529,0.20609192550182343,1159424
4530,0.18870244920253754,1159680
4531,0.19943368434906006,1159936
4532,0.19607605040073395,1160192
4533,0.20420584082603455,1160448
4534,0.19125567376613617,1160704
4535,0.1789208948612213,1160960
4536,0.2076282501220703,1161216
4537,0.20450395345687866,1161472
4538,0.18729346990585327,1161728
4539,0.19593414664268494,1161984
4540,0.20030957460403442,1162240
4541,0.19967158138751984,1162496
4542,0.20925700664520264,1162752
4543,0.21522796154022217,1163008
4544,0.2026287466287613,1163264
4545,0.19370795786380768,1163520
4546,0.2068159431219101,1163776
4547,0.18399278819561005,1164032
4548,0.20431673526763916,1164288
4549,0.18928198516368866,1164544
4550,0.20577479898929596,1164800
4551,0.18870514631271362,1165056
4552,0.20310811698436737,1165312
4553,0.2010056972503662,1165568
4554,0.20462369918823242,1165824
4555,0.20895974338054657,1166080
4556,0.2075059860944748,1166336
4557,0.1941862255334854,1166592
4558,0.18993303179740906,1166848
4559,0.2127949744462967,1167104
4560,0.19624632596969604,1167360
4561,0.2030227780342102,1167616
4562,0.1995312124490738,1167872
4563,0.19944563508033752,1168128
4564,0.182356595993042,1168384
4565,0.20366118848323822,1168640
4566,0.2094668298959732,1168896
4567,0.19736319780349731,1169152
4568,0.21368928253650665,1169408
4569,0.18529683351516724,1169664
4570,0.199763223528862,1169920
4571,0.20847462117671967,1170176
4572,0.1950952410697937,1170432
4573,0.21095143258571625,1170688
4574,0.2010410726070404,1170944
4575,0.2078586220741272,1171200
4576,0.2015705555677414,1171456
4577,0.19561710953712463,1171712
4578,0.2058323323726654,1171968
4579,0.1969182938337326,1172224
4580,0.2181454747915268,1172480
4581,0.1962662935256958,1172736
4582,0.19408421218395233,1172992
4583,0.1914970427751541,1173248
4584,0.21458254754543304,1173504
4585,0.21251420676708221,1173760
4586,0.20853352546691895,1174016
4587,0.1839194893836975,1174272
4588,0.19389677047729492,1174528
4589,0.19965577125549316,1174784
4590,0.1983170211315155,1175040
4591,0.20106756687164307,1175296
4592,0.20348358154296875,1175552
4593,0.18780958652496338,1175808
4594,0.20473799109458923,1176064
4595,0.1987474411725998,1176320
4596,0.2094087153673172,1176576
4597,0.20167095959186554,1176832
4598,0.19148659706115723,1177088
4599,0.2006966918706894,1177344
4600,0.191221684217453,1177600
4601,0.20081645250320435,1177856
4602,0.20404671132564545,1178112
4603,0.20002102851867676,1178368
4604,0.2179621309041977,1178624
4605,0.19254443049430847,1178880
4606,0.2011568397283554,1179136
4607,0.19034036993980408,1179392
4608,0.20818302035331726,1179648
4609,0.20766231417655945,1179904
4610,0.19630932807922363,1180160
4611,0.19512923061847687,1180416
4612,0.20659929513931274,1180672
4613,0.194111630320549,1180928
4614,0.19815349578857422,1181184
4615,0.2006157636642456,1181440
4616,0.2106885015964508,1181696
4617,0.18218791484832764,1181952
4618,0.20983223617076874,1182208
4619,0.1974782794713974,1182464
4620,0.2028742879629135,1182720
4621,0.1966577023267746,1182976
4622,0.20299778878688812,1183232
4623,0.19684070348739624,1183488
4624,0.20780985057353973,1183744
4625,0.2018558830022812,1184000
4626,0.21500015258789062,1184256
4627,0.19351129233837128,1184512
4628,0.19999471306800842,1184768
4629,0.1928396224975586,1185024
4630,0.20162495970726013,1185280
4631,0.20883429050445557,1185536
4632,0.19810278713703156,1185792
4633,0.19717949628829956,1186048
4634,0.18625283241271973,1186304
4635,0.20332781970500946,1186560
4636,0.19172032177448273,1186816
4637,0.1769184023141861,1187072
4638,0.20135562121868134,1187328
4639,0.19607989490032196,1187584
4640,0.2053622156381607,1187840
4641,0.19658583402633667,1188096
4642,0.1868588626384735,1188352
4643,0.1946014016866684,1188608
4644,0.2028186321258545,1188864
4645,0.20368844270706177,1189120
4646,0.20311851799488068,1189376
4647,0.2005653977394104,1189632
4648,0.20358304679393768,1189888
4649,0.20331712067127228,1190144
4650,0.207061767578125,1190400
4651,0.19472835958003998,1190656
4652,0.21198728680610657,1190912
4653,0.2020641416311264,1191168
4654,0.19518913328647614,1191424
4655,0.20430903136730194,1191680
4656,0.21073918044567108,1191936
4657,0.17975962162017822,1192192
4658,0.19739650189876556,1192448
4659,0.19215597212314606,1192704
4660,0.20121511816978455,1192960
4661,0.20702007412910461,1193216
4662,0.1928415149450302,1193472
4663,0.18902939558029175,1193728
4664,0.2115119993686676,1193984
4665,0.20650053024291992,1194240
4666,0.19330506026744843,1194496
4667,0.19015300273895264,1194752
4668,0.20709733664989471,1195008
4669,0.21608594059944153,1195264
4670,0.18986772000789642,1195520
4671,0.19959579408168793,1195776
4672,0.200810506939888,1196032
4673,0.21110829710960388,1196288
4674,0.1787918359041214,1196544
4675,0.20489944517612457,1196800
4676,0.19238734245300293,1197056
4677,0.19259116053581238,1197312
4678,0.20848992466926575,1197568
4679,0.210124209523201,1197824
4680,0.21123754978179932,1198080
4681,0.1869116574525833,1198336
4682,0.2195613980293274,1198592
4683,0.20047949254512787,1198848
4684,0.20080585777759552,1199104
4685,0.18987753987312317,1199360
4686,0.2102384865283966,1199616
4687,0.21018505096435547,1199872
4688,0.19443963468074799,1200128
4689,0.19585293531417847,1200384
4690,0.19845804572105408,1200640
4691,0.20233643054962158,1200896
4692,0.21356266736984253,1201152
4693,0.2164333015680313,1201408
4694,0.20476891100406647,1201664
4695,0.19452008605003357,1201920
4696,0.1927967071533203,1202176
4697,0.18982675671577454,1202432
4698,0.18496471643447876,1202688
4699,0.20663757622241974,1202944
4700,0.19562843441963196,1203200
4701,0.20769110321998596,1203456
4702,0.1943822205066681,1203712
4703,0.19874049723148346,1203968
4704,0.1930127739906311,1204224
4705,0.18981529772281647,1204480
4706,0.19426436722278595,1204736
4707,0.19944116473197937,1204992
4708,0.19904042780399323,1205248
4709,0.21274511516094208,1205504
4710,0.20196497440338135,1205760
4711,0.19419631361961365,1206016
4712,0.21795891225337982,1206272
4713,0.20680123567581177,1206528
4714,0.21472208201885223,1206784
4715,0.21123838424682617,1207040
4716,0.20362982153892517,1207296
4717,0.20840862393379211,1207552
4718,0.19673742353916168,1207808
4719,0.20273840427398682,1208064
4720,0.20045404136180878,1208320
4721,0.19288486242294312,1208576
4722,0.1899392157793045,1208832
4723,0.20508304238319397,1209088
4724,0.2009023278951645,1209344
4725,0.20750698447227478,1209600
4726,0.21069033443927765,1209856
4727,0.19062893092632294,1210112
4728,0.20565791428089142,1210368
4729,0.1897328644990921,1210624
4730,0.19323663413524628,1210880
4731,0.19360819458961487,1211136
4732,0.19134430587291718,1211392
4733,0.20166631042957306,1211648
4734,0.19213572144508362,1211904
4735,0.20878112316131592,1212160
4736,0.2122049480676651,1212416
4737,0.17990481853485107,1212672
4738,0.19687071442604065,1212928
4739,0.19924509525299072,1213184
4740,0.19605907797813416,1213440
4741,0.19125805795192719,1213696
4742,0.19994230568408966,1213952
4743,0.21235115826129913,1214208
4744,0.19968034327030182,1214464
4745,0.2087753713130951,1214720
4746,0.20121422410011292,1214976
4747,0.2075464427471161,1215232
4748,0.19290420413017273,1215488
4749,0.21511316299438477,1215744
4750,0.18839289247989655,1216000
4751,0.20231100916862488,1216256
4752,0.21179284155368805,1216512
4753,0.19974763691425323,1216768
4754,0.1895458847284317,1217024
4755,0.19197027385234833,1217280
4756,0.20007367432117462,1217536
4757,0.19461631774902344,1217792
4758,0.21135714650154114,1218048
4759,0.19598042964935303,1218304
4760,0.20439141988754272,1218560
4761,0.19253793358802795,1218816
4762,0.2028835564851761,1219072
4763,0.20369650423526764,1219328
4764,0.18808497488498688,1219584
4765,0.19723328948020935,1219840
4766,0.21826031804084778,1220096
4767,0.1869848221540451,1220352
4768,0.19996047019958496,1220608
4769,0.18527844548225403,1220864
4770,0.20123745501041412,1221120
4771,0.19582900404930115,1221376
4772,0.19994354248046875,1221632
4773,0.20003122091293335,1221888
4774,0.19350413978099823,1222144
4775,0.1996876746416092,1222400
4776,0.20863273739814758,1222656
4777,0.2072402983903885,1222912
4778,0.1924852579832077,1223168
4779,0.19285380840301514,1223424
4780,0.20310164988040924,1223680
4781,0.1897941529750824,1223936
4782,0.1874745786190033,1224192
4783,0.18797436356544495,1224448
4784,0.2107616662979126,1224704
4785,0.19901429116725922,1224960
4786,0.20554542541503906,1225216
4787,0.21039478480815887,1225472
4788,0.20447270572185516,1225728
4789,0.19856318831443787,1225984
4790,0.19500505924224854,1226240
4791,0.1874701976776123,1226496
4792,0.20005068182945251,1226752
4793,0.2002854198217392,1227008
4794,0.20582908391952515,1227264
4795,0.19863544404506683,1227520
4796,0.18121394515037537,1227776
4797,0.19078776240348816,1228032
4798,0.18525859713554382,1228288
4799,0.20429933071136475,1228544
4800,0.19709910452365875,1228800
4801,0.1838066428899765,1229056
4802,0.19379523396492004,1229312
4803,0.2044992595911026,1229568
4804,0.20083941519260406,1229824
4805,0.20865954458713531,1230080
4806,0.19791539013385773,1230336
4807,0.1970885992050171,1230592
4808,0.1888887584209442,1230848
4809,0.19567705690860748,1231104
4810,0.2024877667427063,1231360
4811,0.18991997838020325,1231616
4812,0.19489189982414246,1231872
4813,0.20135197043418884,1232128
4814,0.20226503908634186,1232384
4815,0.22226016223430634,1232640
4816,0.19991534948349,1232896
4817,0.18937432765960693,1233152
4818,0.1918027549982071,1233408
4819,0.20682242512702942,1233664
4820,0.1996157169342041,1233920
4821,0.20770514011383057,1234176
4822,0.20096057653427124,1234432
4823,0.21281513571739197,1234688
4824,0.20750075578689575,1234944
4825,0.19656947255134583,1235200
4826,0.19787445664405823,1235456
4827,0.20472745597362518,1235712
4828,0.1712314337491989,1235968
4829,0.1912204772233963,1236224
4830,0.20331642031669617,1236480
4831,0.20121446251869202,1236736
4832,0.19643929600715637,1236992
4833,0.20693239569664001,1237248
4834,0.20463472604751587,1237504
4835,0.20440183579921722,1237760
4836,0.21068865060806274,1238016
4837,0.2016773670911789,1238272
4838,0.1913938671350479,1238528
4839,0.2000890076160431,1238784
4840,0.19578753411769867,1239040
4841,0.207407146692276,1239296
4842,0.19713477790355682,1239552
4843,0.20341479778289795,1239808
4844,0.1940598487854004,1240064
4845,0.19701962172985077,1240320
4846,0.20934107899665833,1240576
4847,0.19792146980762482,1240832
4848,0.1956842690706253,1241088
4849,0.19342191517353058,1241344
4850,0.20564837753772736,1241600
4851,0.19947348535060883,1241856
4852,0.18700985610485077,1242112
4853,0.1935756504535675,1242368
4854,0.1938502937555313,1242624
4855,0.20058244466781616,1242880
4856,0.18727339804172516,1243136
4857,0.19022609293460846,1243392
4858,0.1894516944885254,1243648
4859,0.20742622017860413,1243904
4860,0.19740326702594757,1244160
4861,0.19345954060554504,1244416
4862,0.2077331691980362,1244672
4863,0.19748914241790771,1244928
4864,0.21845337748527527,1245184
4865,0.19403700530529022,1245440
4866,0.19192031025886536,1245696
4867,0.19934315979480743,1245952
4868,0.1933325082063675,1246208
4869,0.1972336620092392,1246464
4870,0.19781380891799927,1246720
4871,0.19124241173267365,1246976
4872,0.1962660700082779,1247232
4873,0.19419921934604645,1247488
4874,0.19498609006404877,1247744
4875,0.1982930451631546,1248000
4876,0.20874041318893433,1248256
4877,0.1977730393409729,1248512
4878,0.2169780135154724,1248768
4879,0.1793137788772583,1249024
4880,0.19326746463775635,1249280
4881,0.19075386226177216,1249536
4882,0.18457208573818207,1249792
4883,0.20109418034553528,1250048
4884,0.19713468849658966,1250304
4885,0.1911764144897461,1250560
4886,0.19535832107067108,1250816
4887,0.20085079967975616,1251072
4888,0.20741674304008484,1251328
4889,0.19896475970745087,1251584
4890,0.19905582070350647,1251840
4891,0.203715980052948,1252096
4892,0.20495466887950897,1252352
4893,0.200707346200943,1252608
4894,0.21229518949985504,1252864
4895,0.19413328170776367,1253120
4896,0.20259422063827515,1253376
4897,0.19603770971298218,1253632
4898,0.19244903326034546,1253888
4899,0.19355763494968414,1254144
4900,0.19901761412620544,1254400
4901,0.22511468827724457,1254656
4902,0.1962336152791977,1254912
4903,0.19139914214611053,1255168
4904,0.21321898698806763,1255424
4905,0.19597254693508148,1255680
4906,0.20021706819534302,1255936
4907,0.2059229463338852,1256192
4908,0.19611364603042603,1256448
4909,0.205352783203125,1256704
4910,0.20317648351192474,1256960
4911,0.20423559844493866,1257216
4912,0.19532139599323273,1257472
4913,0.19589047133922577,1257728
4914,0.1920793503522873,1257984
4915,0.19972433149814606,1258240
4916,0.19983424246311188,1258496
4917,0.19912783801555634,1258752
4918,0.20864170789718628,1259008
4919,0.19476035237312317,1259264
4920,0.20479775965213776,1259520
4921,0.19515104591846466,1259776
4922,0.19116546213626862,1260032
4923,0.20292934775352478,1260288
4924,0.21106255054473877,1260544
4925,0.2121395766735077,1260800
4926,0.20332978665828705,1261056
4927,0.1968884915113449,1261312
4928,0.19689437747001648,1261568
4929,0.19903801381587982,1261824
4930,0.201114684343338,1262080
4931,0.20324364304542542,1262336
4932,0.21656879782676697,1262592
4933,0.20322813093662262,1262848
4934,0.21388639509677887,1263104
4935,0.20849189162254333,1263360
4936,0.20083539187908173,1263616
4937,0.20585300028324127,1263872
4938,0.20160305500030518,1264128
4939,0.20773713290691376,1264384
4940,0.1930161714553833,1264640
4941,0.19567719101905823,1264896
4942,0.21190518140792847,1265152
4943,0.20246490836143494,1265408
4944,0.200407013297081,1265664
4945,0.199517160654068,1265920
4946,0.2012917399406433,1266176
4947,0.2012270838022232,1266432
4948,0.19693291187286377,1266688
4949,0.2048184871673584,1266944
4950,0.1994718611240387,1267200
4951,0.21222877502441406,1267456
4952,0.19971758127212524,1267712
4953,0.19432762265205383,1267968
4954,0.2038859724998474,1268224
4955,0.1974659264087677,1268480
4956,0.19577942788600922,1268736
4957,0.1875673234462738,1268992
4958,0.20163625478744507,1269248
4959,0.20063695311546326,1269504
4960,0.18440677225589752,1269760
4961,0.19509044289588928,1270016
4962,0.200420543551445,1270272
4963,0.19664587080478668,1270528
4964,0.1982552707195282,1270784
4965,0.20582512021064758,1271040
4966,0.19414429366588593,1271296
4967,0.20772981643676758,1271552
4968,0.2136855572462082,1271808
4969,0.20190441608428955,1272064
4970,0.2172728180885315,1272320
4971,0.19891759753227234,1272576
4972,0.20298327505588531,1272832
4973,0.20621821284294128,1273088
4974,0.17602956295013428,1273344
4975,0.2114776372909546,1273600
4976,0.20949847996234894,1273856
4977,0.195870503783226,1274112
4978,0.19547411799430847,1274368
4979,0.1975969523191452,1274624
4980,0.19176389276981354,1274880
4981,0.20336581766605377,1275136
4982,0.2175789773464203,1275392
4983,0.20311488211154938,1275648
4984,0.20264573395252228,1275904
4985,0.1950812190771103,1276160
4986,0.19869616627693176,1276416
4987,0.20135262608528137,1276672
4988,0.20986318588256836,1276928
4989,0.20951032638549805,1277184
4990,0.21512198448181152,1277440
4991,0.1859300285577774,1277696
4992,0.20373843610286713,1277952
4993,0.19781768321990967,1278208
4994,0.19224688410758972,1278464
4995,0.19744054973125458,1278720
4996,0.18751035630702972,1278976
4997,0.19648653268814087,1279232
4998,0.19224214553833008,1279488
4999,0.19100695848464966,1279744
5000,0.20096324384212494,1280000
5001,0.2039634883403778,1280256
5002,0.19738715887069702,1280512
5003,0.19796906411647797,1280768
5004,0.18556487560272217,1281024
5005,0.19522897899150848,1281280
5006,0.2044285535812378,1281536
5007,0.2040480375289917,1281792
5008,0.20457643270492554,1282048
5009,0.20608030259609222,1282304
5010,0.20172949135303497,1282560
5011,0.2104424238204956,1282816
5012,0.18823625147342682,1283072
5013,0.18750207126140594,1283328
5014,0.1927579641342163,1283584
5015,0.19666017591953278,1283840
5016,0.1913505345582962,1284096
5017,0.18901683390140533,1284352
5018,0.19170092046260834,1284608
5019,0.18481358885765076,1284864
5020,0.20399536192417145,1285120
5021,0.20664505660533905,1285376
5022,0.20544493198394775,1285632
5023,0.2022750973701477,1285888
5024,0.19544252753257751,1286144
5025,0.20217478275299072,1286400
5026,0.18694065511226654,1286656
5027,0.20796073973178864,1286912
5028,0.2097686529159546,1287168
5029,0.20390871167182922,1287424
5030,0.20927847921848297,1287680
5031,0.20555159449577332,1287936
5032,0.20919984579086304,1288192
5033,0.20823676884174347,1288448
5034,0.20470400154590607,1288704
5035,0.19176208972930908,1288960
5036,0.20153474807739258,1289216
5037,0.19958801567554474,1289472
5038,0.1997738480567932,1289728
5039,0.20891569554805756,1289984
5040,0.19664223492145538,1290240
5041,0.2031925767660141,1290496
5042,0.21207721531391144,1290752
5043,0.19678695499897003,1291008
5044,0.20283319056034088,1291264
5045,0.19783608615398407,1291520
5046,0.20839276909828186,1291776
5047,0.195145383477211,1292032
5048,0.2024359405040741,1292288
5049,0.17990601062774658,1292544
5050,0.205203115940094,1292800
5051,0.20000770688056946,1293056
5052,0.19798219203948975,1293312
5053,0.20220497250556946,1293568
5054,0.19958622753620148,1293824
5055,0.19936177134513855,1294080
5056,0.19953444600105286,1294336
5057,0.20170697569847107,1294592
5058,0.2031712532043457,1294848
5059,0.2106633186340332,1295104
5060,0.18564720451831818,1295360
5061,0.2044602632522583,1295616
5062,0.20573149621486664,1295872
5063,0.19426098465919495,1296128
5064,0.20295549929141998,1296384
5065,0.2016337513923645,1296640
5066,0.18977561593055725,1296896
5067,0.20458348095417023,1297152
5068,0.1967102736234665,1297408
5069,0.2003059983253479,1297664
5070,0.20304159820079803,1297920
5071,0.1998797208070755,1298176
5072,0.20030970871448517,1298432
5073,0.1942855268716812,1298688
5074,0.20477817952632904,1298944
5075,0.19052398204803467,1299200
5076,0.2101629227399826,1299456
5077,0.19658507406711578,1299712
5078,0.20368903875350952,1299968
5079,0.1965242326259613,1300224
5080,0.20865033566951752,1300480
5081,0.18895266950130463,1300736
5082,0.19958646595478058,1300992
5083,0.20158246159553528,1301248
5084,0.1954413801431656,1301504
5085,0.18593503534793854,1301760
5086,0.21450218558311462,1302016
5087,0.21233481168746948,1302272
5088,0.19132569432258606,1302528
5089,0.19623757898807526,1302784
5090,0.21101486682891846,1303040
5091,0.1969442218542099,1303296
5092,0.19329991936683655,1303552
5093,0.21437768638134003,1303808
5094,0.19518709182739258,1304064
5095,0.19525103271007538,1304320
5096,0.2065613716840744,1304576
5097,0.1819799542427063,1304832
5098,0.21442726254463196,1305088
5099,0.19678126275539398,1305344
5100,0.21454377472400665,1305600
5101,0.20538568496704102,1305856
5102,0.1817340850830078,1306112
5103,0.18605893850326538,1306368
5104,0.19926005601882935,1306624
5105,0.20546728372573853,1306880
5106,0.19481723010540009,1307136
5107,0.20246607065200806,1307392
5108,0.20361675322055817,1307648
5109,0.20286297798156738,1307904
5110,0.20729416608810425,1308160
5111,0.19764843583106995,1308416
5112,0.21883556246757507,1308672
5113,0.1946209818124771,1308928
5114,0.19987443089485168,1309184
5115,0.2023249715566635,1309440
5116,0.1954193413257599,1309696
5117,0.20286394655704498,1309952
5118,0.20107416808605194,1310208
5119,0.20111237466335297,1310464
5120,0.20496952533721924,1310720
5121,0.20295856893062592,1310976
5122,0.2005227953195572,1311232
5123,0.19922032952308655,1311488
5124,0.194045752286911,1311744
5125,0.18873275816440582,1312000
5126,0.19703084230422974,1312256
5127,0.18565784394741058,1312512
5128,0.1926334798336029,1312768
5129,0.21405690908432007,1313024
5130,0.2125672996044159,1313280
5131,0.21259918808937073,1313536
5132,0.2117813378572464,1313792
5133,0.20074903964996338,1314048
5134,0.18774531781673431,1314304
5135,0.1927773803472519,1314560
5136,0.20315098762512207,1314816
5137,0.1828886717557907,1315072
5138,0.2045658528804779,1315328
5139,0.2078826129436493,1315584
5140,0.18794718384742737,1315840
5141,0.19896358251571655,1316096
5142,0.19563667476177216,1316352
5143,0.20666274428367615,1316608
5144,0.1905038207769394,1316864
5145,0.20062419772148132,1317120
5146,0.2159338742494583,1317376
5147,0.19952939450740814,1317632
5148,0.18704931437969208,1317888
5149,0.20120806992053986,1318144
5150,0.20133349299430847,1318400
5151,0.21932633221149445,1318656
5152,0.19590330123901367,1318912
5153,0.2151843011379242,1319168
5154,0.19444392621517181,1319424
5155,0.20219939947128296,1319680
5156,0.2145545780658722,1319936
5157,0.2079458087682724,1320192
5158,0.17975325882434845,1320448
5159,0.20229510962963104,1320704
5160,0.19278287887573242,1320960
5161,0.1913919597864151,1321216
5162,0.19994565844535828,1321472
5163,0.20135977864265442,1321728
5164,0.20563699305057526,1321984
5165,0.19847194850444794,1322240
5166,0.18314875662326813,1322496
5167,0.2026117891073227,1322752
5168,0.20799103379249573,1323008
5169,0.19288010895252228,1323264
5170,0.2099582403898239,1323520
5171,0.20019030570983887,1323776
5172,0.19711437821388245,1324032
5173,0.21522435545921326,1324288
5174,0.19292913377285004,1324544
5175,0.19758357107639313,1324800
5176,0.19793391227722168,1325056
5177,0.19874267280101776,1325312
5178,0.20278774201869965,1325568
5179,0.19926667213439941,1325824
5180,0.2025049477815628,1326080
5181,0.1994398832321167,1326336
5182,0.19789421558380127,1326592
5183,0.18937630951404572,1326848
5184,0.1934157758951187,1327104
5185,0.19292566180229187,1327360
5186,0.2113770693540573,1327616
5187,0.20542624592781067,1327872
5188,0.20601120591163635,1328128
5189,0.20588386058807373,1328384
5190,0.1933581829071045,1328640
5191,0.19486959278583527,1328896
5192,0.1847229301929474,1329152
5193,0.19426178932189941,1329408
5194,0.19735851883888245,1329664
5195,0.19618815183639526,1329920
5196,0.19130799174308777,1330176
5197,0.18499477207660675,1330432
5198,0.1830771565437317,1330688
5199,0.20965556800365448,1330944
5200,0.21003451943397522,1331200
5201,0.2012471705675125,1331456
5202,0.19977320730686188,1331712
5203,0.20468538999557495,1331968
5204,0.20475903153419495,1332224
5205,0.18316395580768585,1332480
5206,0.21137160062789917,1332736
5207,0.20226581394672394,1332992
5208,0.2050079107284546,1333248
5209,0.20544248819351196,1333504
5210,0.18666484951972961,1333760
5211,0.20129625499248505,1334016
5212,0.20080630481243134,1334272
5213,0.20077107846736908,1334528
5214,0.19301080703735352,1334784
5215,0.19931571185588837,1335040
5216,0.2164819985628128,1335296
5217,0.19223545491695404,1335552
5218,0.2017623484134674,1335808
5219,0.20191702246665955,1336064
5220,0.20544719696044922,1336320
5221,0.19227837026119232,1336576
5222,0.20282010734081268,1336832
5223,0.21558889746665955,1337088
5224,0.19528666138648987,1337344
5225,0.1982506364583969,1337600
5226,0.20474191009998322,1337856
5227,0.20449821650981903,1338112
5228,0.22240644693374634,1338368
5229,0.20014938712120056,1338624
5230,0.1979283094406128,1338880
5231,0.199848935008049,1339136
5232,0.19598029553890228,1339392
5233,0.20274899899959564,1339648
5234,0.19439874589443207,1339904
5235,0.2150188833475113,1340160
5236,0.19055533409118652,1340416
5237,0.20000624656677246,1340672
5238,0.20442283153533936,1340928
5239,0.20324628055095673,1341184
5240,0.2094959020614624,1341440
5241,0.18108603358268738,1341696
5242,0.20497606694698334,1341952
5243,0.20432911813259125,1342208
5244,0.20565633475780487,1342464
5245,0.19797100126743317,1342720
5246,0.20866823196411133,1342976
5247,0.21596966683864594,1343232
5248,0.19719786942005157,1343488
5249,0.20468130707740784,1343744
5250,0.19737818837165833,1344000
5251,0.20239870250225067,1344256
5252,0.2016758918762207,1344512
5253,0.20783525705337524,1344768
5254,0.20554788410663605,1345024
5255,0.18402591347694397,1345280
5256,0.18479642271995544,1345536
5257,0.20354628562927246,1345792
5258,0.21150556206703186,1346048
5259,0.2124009132385254,1346304
5260,0.20282146334648132,1346560
5261,0.19598132371902466,1346816
5262,0.20854926109313965,1347072
5263,0.18158292770385742,1347328
5264,0.19037042558193207,1347584
5265,0.19855698943138123,1347840
5266,0.18685859441757202,1348096
5267,0.2054634988307953,1348352
5268,0.1990271806716919,1348608
5269,0.20388437807559967,1348864
5270,0.20128950476646423,1349120
5271,0.19999971985816956,1349376
5272,0.1944209337234497,1349632
5273,0.2100430130958557,1349888
5274,0.20543506741523743,1350144
5275,0.20863193273544312,1350400
5276,0.18371929228305817,1350656
5277,0.21247343719005585,1350912
5278,0.2018892914056778,1351168
5279,0.20599788427352905,1351424
5280,0.21317832171916962,1351680
5281,0.19660449028015137,1351936
5282,0.19215959310531616,1352192
5283,0.19260945916175842,1352448
5284,0.19088174402713776,1352704
5285,0.1979195475578308,1352960
5286,0.20275892317295074,1353216
5287,0.2084778994321823,1353472
5288,0.2070002406835556,1353728
5289,0.18758434057235718,1353984
5290,0.1961735039949417,1354240
5291,0.2079022079706192,1354496
5292,0.19898219406604767,1354752
5293,0.19400954246520996,1355008
5294,0.2028142213821411,1355264
5295,0.21877102553844452,1355520
5296,0.18800978362560272,1355776
5297,0.1918260008096695,1356032
5298,0.18501172959804535,1356288
5299,0.19353508949279785,1356544
5300,0.2143029272556305,1356800
5301,0.20171508193016052,1357056
5302,0.20282210409641266,1357312
5303,0.2043505162000656,1357568
5304,0.2108275294303894,1357824
5305,0.1992238610982895,1358080
5306,0.2099805772304535,1358336
5307,0.20421063899993896,1358592
5308,0.2075716257095337,1358848
5309,0.19236792623996735,1359104
5310,0.20295581221580505,1359360
5311,0.19925405085086823,1359616
5312,0.19882243871688843,1359872
5313,0.20807147026062012,1360128
5314,0.19650758802890778,1360384
5315,0.2091047465801239,1360640
5316,0.1983136385679245,1360896
5317,0.1974562555551529,1361152
5318,0.20373454689979553,1361408
5319,0.207915797829628,1361664
5320,0.2013884335756302,1361920
5321,0.20474886894226074,1362176
5322,0.20391833782196045,1362432
5323,0.18928904831409454,1362688
5324,0.1989581435918808,1362944
5325,0.19009029865264893,1363200
5326,0.20564885437488556,1363456
5327,0.19776339828968048,1363712
5328,0.20136600732803345,1363968
5329,0.20846034586429596,1364224
5330,0.2069697231054306,1364480
5331,0.1956973373889923,1364736
5332,0.19721432030200958,1364992
5333,0.18905870616436005,1365248
5334,0.19500693678855896,1365504
5335,0.192742258310318,1365760
5336,0.20447228848934174,1366016
5337,0.19492174685001373,1366272
5338,0.19813504815101624,1366528
5339,0.19244569540023804,1366784
5340,0.20365434885025024,1367040
5341,0.1956956386566162,1367296
5342,0.2057398110628128,1367552
5343,0.2035062164068222,1367808
5344,0.1917385756969452,1368064
5345,0.18650615215301514,1368320
5346,0.20332463085651398,1368576
5347,0.18678118288516998,1368832
5348,0.19835488498210907,1369088
5349,0.1972060352563858,1369344
5350,0.2072359323501587,1369600
5351,0.20229025185108185,1369856
5352,0.20326490700244904,1370112
5353,0.20516648888587952,1370368
5354,0.2010880708694458,1370624
5355,0.21481439471244812,1370880
5356,0.18843132257461548,1371136
5357,0.20883329212665558,1371392
5358,0.19386619329452515,1371648
5359,0.1761084944009781,1371904
5360,0.20590020716190338,1372160
5361,0.20463679730892181,1372416
5362,0.20535951852798462,1372672
5363,0.19871488213539124,1372928
5364,0.20362909138202667,1373184
5365,0.2063409984111786,1373440
5366,0.18781985342502594,1373696
5367,0.20523609220981598,1373952
5368,0.1945483386516571,1374208
5369,0.20376884937286377,1374464
5370,0.21325156092643738,1374720
5371,0.2081838846206665,1374976
5372,0.20712295174598694,1375232
5373,0.19241772592067719,1375488
5374,0.19643273949623108,1375744
5375,0.1976964920759201,1376000
5376,0.18822328746318817,1376256
5377,0.2065744251012802,1376512
5378,0.1925707906484604,1376768
5379,0.2063661813735962,1377024
5380,0.2078816443681717,1377280
5381,0.1996227353811264,1377536
5382,0.20847098529338837,1377792
5383,0.2145121693611145,1378048
5384,0.18635214865207672,1378304
5385,0.20524193346500397,1378560
5386,0.19996300339698792,1378816
5387,0.19436906278133392,1379072
5388,0.2210693061351776,1379328
5389,0.20112711191177368,1379584
5390,0.20437349379062653,1379840
5391,0.20418332517147064,1380096
5392,0.20286782085895538,1380352
5393,0.20422367751598358,1380608
5394,0.18951335549354553,1380864
5395,0.20262765884399414,1381120
5396,0.19221924245357513,1381376
5397,0.20238804817199707,1381632
5398,0.1858515590429306,1381888
5399,0.20896832644939423,1382144
5400,0.19904223084449768,1382400
5401,0.2037685662508011,1382656
5402,0.1851610243320465,1382912
5403,0.20406703650951385,1383168
5404,0.17749376595020294,1383424
5405,0.19043299555778503,1383680
5406,0.1951015740633011,1383936
5407,0.19191105663776398,1384192
5408,0.21009942889213562,1384448
5409,0.2034214287996292,1384704
5410,0.20677822828292847,1384960
5411,0.2020338624715805,1385216
5412,0.2145782858133316,1385472
5413,0.19864597916603088,1385728
5414,0.20647446811199188,1385984
5415,0.19388461112976074,1386240
5416,0.19951660931110382,1386496
5417,0.19613784551620483,1386752
5418,0.20594607293605804,1387008
5419,0.22072935104370117,1387264
5420,0.19490884244441986,1387520
5421,0.1944907009601593,1387776
5422,0.19995565712451935,1388032
5423,0.19584697484970093,1388288
5424,0.19589652121067047,1388544
5425,0.20515970885753632,1388800
5426,0.1970793902873993,1389056
5427,0.19145344197750092,1389312
5428,0.20241232216358185,1389568
5429,0.20023973286151886,1389824
5430,0.19583533704280853,1390080
5431,0.20108410716056824,1390336
5432,0.21070648729801178,1390592
5433,0.20239849388599396,1390848
5434,0.19356010854244232,1391104
5435,0.19160008430480957,1391360
5436,0.19659696519374847,1391616
5437,0.21088561415672302,1391872
5438,0.20518247783184052,1392128
5439,0.19603347778320312,1392384
5440,0.20124444365501404,1392640
5441,0.21074999868869781,1392896
5442,0.19880716502666473,1393152
5443,0.19662238657474518,1393408
5444,0.2036484181880951,1393664
5445,0.20599254965782166,1393920
5446,0.19532042741775513,1394176
5447,0.20842406153678894,1394432
5448,0.20398344099521637,1394688
5449,0.2017166167497635,1394944
5450,0.1959013193845749,1395200
5451,0.20616018772125244,1395456
5452,0.2162172794342041,1395712
5453,0.1909259408712387,1395968
5454,0.20042677223682404,1396224
5455,0.1951027661561966,1396480
5456,0.2057066112756729,1396736
5457,0.20458915829658508,1396992
5458,0.2044639140367508,1397248
5459,0.20276209712028503,1397504
5460,0.1930955946445465,1397760
5461,0.19945763051509857,1398016
5462,0.1899055391550064,1398272
5463,0.1883815973997116,1398528
5464,0.20480555295944214,1398784
5465,0.20394150912761688,1399040
5466,0.2128480076789856,1399296
5467,0.19329987466335297,1399552
5468,0.19506488740444183,1399808
5469,0.20744632184505463,1400064
5470,0.20318566262722015,1400320
5471,0.1941768378019333,1400576
5472,0.20891626179218292,1400832
5473,0.18556153774261475,1401088
5474,0.1817276030778885,1401344
5475,0.20519964396953583,1401600
5476,0.20115162432193756,1401856
5477,0.21459747850894928,1402112
5478,0.18929514288902283,1402368
5479,0.20920230448246002,1402624
5480,0.1971384733915329,1402880
5481,0.19958169758319855,1403136
5482,0.21343013644218445,1403392
5483,0.2075633406639099,1403648
5484,0.20192597806453705,1403904
5485,0.19654731452465057,1404160
5486,0.203109011054039,1404416
5487,0.20237746834754944,1404672
5488,0.19185644388198853,1404928
5489,0.2085677534341812,1405184
5490,0.19333717226982117,1405440
5491,0.20866301655769348,1405696
5492,0.20303376019001007,1405952
5493,0.19762833416461945,1406208
5494,0.1959252953529358,1406464
5495,0.19867582619190216,1406720
5496,0.20021048188209534,1406976
5497,0.18137478828430176,1407232
5498,0.19759197533130646,1407488
5499,0.17210514843463898,1407744
5500,0.20129428803920746,1408000
5501,0.2016826719045639,1408256
5502,0.20606443285942078,1408512
5503,0.20763354003429413,1408768
5504,0.19421863555908203,1409024
5505,0.19641391932964325,1409280
5506,0.18879850208759308,1409536
5507,0.19550664722919464,1409792
5508,0.2000131458044052,1410048
5509,0.21317078173160553,1410304
5510,0.20140273869037628,1410560
5511,0.19393254816532135,1410816
5512,0.1923338770866394,1411072
5513,0.19350433349609375,1411328
5514,0.20934107899665833,1411584
5515,0.19503258168697357,1411840
5516,0.19686149060726166,1412096
5517,0.20698131620883942,1412352
5518,0.19362278282642365,1412608
5519,0.19687987864017487,1412864
5520,0.20153774321079254,1413120
5521,0.19740210473537445,1413376
5522,0.20728150010108948,1413632
5523,0.20520824193954468,1413888
5524,0.20460885763168335,1414144
5525,0.19902774691581726,1414400
5526,0.19688482582569122,1414656
5527,0.20374342799186707,1414912
5528,0.2079259306192398,1415168
5529,0.1957346498966217,1415424
5530,0.20803506672382355,1415680
5531,0.1942620575428009,1415936
5532,0.19836664199829102,1416192
5533,0.21823258697986603,1416448
5534,0.20054888725280762,1416704
5535,0.20138968527317047,1416960
5536,0.2039729803800583,1417216
5537,0.21918818354606628,1417472
5538,0.2064453810453415,1417728
5539,0.21096070110797882,1417984
5540,0.1962386518716812,1418240
5541,0.19464385509490967,1418496
5542,0.2094310075044632,1418752
5543,0.2080562710762024,1419008
5544,0.19572362303733826,1419264
5545,0.20064543187618256,1419520
5546,0.18857550621032715,1419776
5547,0.21038374304771423,1420032
5548,0.19792357087135315,1420288
5549,0.18977847695350647,1420544
5550,0.20361876487731934,1420800
5551,0.20919720828533173,1421056
5552,0.21031546592712402,1421312
5553,0.1792697161436081,1421568
5554,0.2043018639087677,1421824
5555,0.20285232365131378,1422080
5556,0.20768629014492035,1422336
5557,0.19116805493831635,1422592
5558,0.19867444038391113,1422848
5559,0.1962394118309021,1423104
5560,0.18522395193576813,1423360
5561,0.18463672697544098,1423616
5562,0.2041052132844925,1423872
5563,0.20122681558132172,1424128
5564,0.1967097818851471,1424384
5565,0.21553781628608704,1424640
5566,0.18808190524578094,1424896
5567,0.19676563143730164,1425152
5568,0.19063962996006012,1425408
5569,0.20675338804721832,1425664
5570,0.21048705279827118,1425920
5571,0.1997801959514618,1426176
5572,0.19881784915924072,1426432
5573,0.20469743013381958,1426688
5574,0.19871625304222107,1426944
5575,0.18733945488929749,1427200
5576,0.1886521577835083,1427456
5577,0.20230694115161896,1427712
5578,0.18497785925865173,1427968
5579,0.18513759970664978,1428224
5580,0.19717895984649658,1428480
5581,0.19730283319950104,1428736
5582,0.2041425108909607,1428992
5583,0.1981101930141449,1429248
5584,0.19918192923069,1429504
5585,0.1951076239347458,1429760
5586,0.1974046528339386,1430016
5587,0.19452984631061554,1430272
5588,0.1768886148929596,1430528
5589,0.19950814545154572,1430784
5590,0.19293296337127686,1431040
5591,0.20439036190509796,1431296
5592,0.2077445536851883,1431552
5593,0.1928064227104187,1431808
5594,0.19475144147872925,1432064
5595,0.21319058537483215,1432320
5596,0.19872315227985382,1432576
5597,0.19629594683647156,1432832
5598,0.20251110196113586,1433088
5599,0.1954602748155594,1433344
5600,0.19083847105503082,1433600
5601,0.20366963744163513,1433856
5602,0.20104186236858368,1434112
5603,0.19360145926475525,1434368
5604,0.1954514980316162,1434624
5605,0.19759342074394226,1434880
5606,0.2068091779947281,1435136
5607,0.1899580955505371,1435392
5608,0.21120372414588928,1435648
5609,0.20167648792266846,1435904
5610,0.1876276284456253,1436160
5611,0.1984650045633316,1436416
5612,0.19420452415943146,1436672
5613,0.19190576672554016,1436928
5614,0.2115265130996704,1437184
5615,0.20288144052028656,1437440
5616,0.21614687144756317,1437696
5617,0.20310917496681213,1437952
5618,0.19284097850322723,1438208
5619,0.19385582208633423,1438464
5620,0.1829286515712738,1438720
5621,0.19352523982524872,1438976
5622,0.19278018176555634,1439232
5623,0.2045489251613617,1439488
5624,0.21441113948822021,1439744
5625,0.1909078061580658,1440000
5626,0.21153081953525543,1440256
5627,0.21533958613872528,1440512
5628,0.18801575899124146,1440768
5629,0.20556631684303284,1441024
5630,0.20173978805541992,1441280
5631,0.19897562265396118,1441536
5632,0.18921643495559692,1441792
5633,0.18952028453350067,1442048
5634,0.20696258544921875,1442304
5635,0.2001422494649887,1442560
5636,0.19251149892807007,1442816
5637,0.20033006370067596,1443072
5638,0.200426384806633,1443328
5639,0.20424412190914154,1443584
5640,0.2047719955444336,1443840
5641,0.1974322348833084,1444096
5642,0.20075206458568573,1444352
5643,0.19080334901809692,1444608
5644,0.2031577229499817,1444864
5645,0.2025611251592636,1445120
5646,0.1994437724351883,1445376
5647,0.19586281478405,1445632
5648,0.19453012943267822,1445888
5649,0.1902349293231964,1446144
5650,0.20468883216381073,1446400
5651,0.19836729764938354,1446656
5652,0.21324393153190613,1446912
5653,0.2066342979669571,1447168
5654,0.19573259353637695,1447424
5655,0.2079143226146698,1447680
5656,0.21276958286762238,1447936
5657,0.20882664620876312,1448192
5658,0.20161859691143036,1448448
5659,0.1964682787656784,1448704
5660,0.2109038531780243,1448960
5661,0.20202003419399261,1449216
5662,0.1942387819290161,1449472
5663,0.20107892155647278,1449728
5664,0.20840077102184296,1449984
5665,0.19658364355564117,1450240
5666,0.20167958736419678,1450496
5667,0.2031218707561493,1450752
5668,0.20373378694057465,1451008
5669,0.20274291932582855,1451264
5670,0.18900790810585022,1451520
5671,0.20245136320590973,1451776
5672,0.20212319493293762,1452032
5673,0.20066146552562714,1452288
5674,0.2024848312139511,1452544
5675,0.199447900056839,1452800
5676,0.2041909247636795,1453056
5677,0.20120403170585632,1453312
5678,0.19947640597820282,1453568
5679,0.2097916603088379,1453824
5680,0.20338481664657593,1454080
5681,0.20131123065948486,1454336
5682,0.20785002410411835,1454592
5683,0.19261983036994934,1454848
5684,0.19493535161018372,1455104
5685,0.18695643544197083,1455360
5686,0.21035049855709076,1455616
5687,0.22138403356075287,1455872
5688,0.19021888077259064,1456128
5689,0.197951078414917,1456384
5690,0.20073704421520233,1456640
5691,0.2021997570991516,1456896
5692,0.1923145204782486,1457152
5693,0.19085867702960968,1457408
5694,0.2112424224615097,1457664
5695,0.19683904945850372,1457920
5696,0.20639707148075104,1458176
5697,0.1992405354976654,1458432
5698,0.2243811935186386,1458688
5699,0.1960243284702301,1458944
5700,0.1880139708518982,1459200
5701,0.17896507680416107,1459456
5702,0.20176644623279572,1459712
5703,0.19070009887218475,1459968
5704,0.20460815727710724,1460224
5705,0.20390070974826813,1460480
5706,0.19637317955493927,1460736
5707,0.1923631876707077,1460992
5708,0.19347438216209412,1461248
5709,0.1982588917016983,1461504
5710,0.19522103667259216,1461760
5711,0.2034091353416443,1462016
5712,0.1974925398826599,1462272
5713,0.2044641375541687,1462528
5714,0.19601395726203918,1462784
5715,0.20289810001850128,1463040
5716,0.20206941664218903,1463296
5717,0.20188447833061218,1463552
5718,0.20693589746952057,1463808
5719,0.2044636458158493,1464064
5720,0.20042186975479126,1464320
5721,0.19943611323833466,1464576
5722,0.20093435049057007,1464832
5723,0.19891706109046936,1465088
5724,0.21074837446212769,1465344
5725,0.20976698398590088,1465600
5726,0.1937299370765686,1465856
5727,0.20014236867427826,1466112
5728,0.19796310365200043,1466368
5729,0.19995053112506866,1466624
5730,0.18839240074157715,1466880
5731,0.19607575237751007,1467136
5732,0.2046857476234436,1467392
5733,0.18808427453041077,1467648
5734,0.20431658625602722,1467904
5735,0.19837012887001038,1468160
5736,0.20452497899532318,1468416
5737,0.20158833265304565,1468672
5738,0.19955208897590637,1468928
5739,0.20877394080162048,1469184
5740,0.19694390892982483,1469440
5741,0.18803755939006805,1469696
5742,0.18703681230545044,1469952
5743,0.19538633525371552,1470208
5744,0.19218681752681732,1470464
5745,0.19047771394252777,1470720
5746,0.19886530935764313,1470976
5747,0.2046743631362915,1471232
5748,0.20190666615962982,1471488
5749,0.21060246229171753,1471744
5750,0.207580104470253,1472000
5751,0.16035348176956177,1472256
5752,0.19776834547519684,1472512
5753,0.1959952861070633,1472768
5754,0.20726551115512848,1473024
5755,0.20380622148513794,1473280
5756,0.19711144268512726,1473536
5757,0.1934642493724823,1473792
5758,0.19247567653656006,1474048
5759,0.21521884202957153,1474304
5760,0.1920977085828781,1474560
5761,0.1943933218717575,1474816
5762,0.20215842127799988,1475072
5763,0.20124013721942902,1475328
5764,0.19603630900382996,1475584
5765,0.19946515560150146,1475840
5766,0.2165948450565338,1476096
5767,0.2101697027683258,1476352
5768,0.21036575734615326,1476608
5769,0.21503256261348724,1476864
5770,0.19491083920001984,1477120
5771,0.19328515231609344,1477376
5772,0.19988331198692322,1477632
5773,0.1900695413351059,1477888
5774,0.2020784616470337,1478144
5775,0.1921490877866745,1478400
5776,0.20492126047611237,1478656
5777,0.19371631741523743,1478912
5778,0.20447850227355957,1479168
5779,0.1918943077325821,1479424
5780,0.2033897191286087,1479680
5781,0.19173665344715118,1479936
5782,0.20001429319381714,1480192
5783,0.19894804060459137,1480448
5784,0.19746360182762146,1480704
5785,0.19831207394599915,1480960
5786,0.1805226057767868,1481216
5787,0.18890537321567535,1481472
5788,0.21368956565856934,1481728
5789,0.2061167061328888,1481984
5790,0.210091695189476,1482240
5791,0.1936018466949463,1482496
5792,0.19503821432590485,1482752
5793,0.20250463485717773,1483008
5794,0.1943185031414032,1483264
5795,0.21179823577404022,1483520
5796,0.1951892375946045,1483776
5797,0.205721914768219,1484032
5798,0.1988561600446701,1484288
5799,0.20247772336006165,1484544
5800,0.18900592625141144,1484800
5801,0.20586590468883514,1485056
5802,0.20162704586982727,1485312
5803,0.19061064720153809,1485568
5804,0.18916207551956177,1485824
5805,0.19724883139133453,1486080
5806,0.1981980800628662,1486336
5807,0.20420090854167938,1486592
5808,0.19236575067043304,1486848
5809,0.18431507050991058,1487104
5810,0.19900330901145935,1487360
5811,0.19425591826438904,1487616
5812,0.20512975752353668,1487872
5813,0.1968696415424347,1488128
5814,0.19553644955158234,1488384
5815,0.20578274130821228,1488640
5816,0.21576008200645447,1488896
5817,0.1909315437078476,1489152
5818,0.1995774805545807,1489408
5819,0.2049708068370819,1489664
5820,0.18632350862026215,1489920
5821,0.19578096270561218,1490176
5822,0.19963382184505463,1490432
5823,0.2007351815700531,1490688
5824,0.21223580837249756,1490944
5825,0.18960751593112946,1491200
5826,0.18772375583648682,1491456
5827,0.20778414607048035,1491712
5828,0.20405152440071106,1491968
5829,0.19582663476467133,1492224
5830,0.19641676545143127,1492480
5831,0.19668065011501312,1492736
5832,0.20588059723377228,1492992
5833,0.19390015304088593,1493248
5834,0.22361263632774353,1493504
5835,0.18186263740062714,1493760
5836,0.19501714408397675,1494016
5837,0.1873117983341217,1494272
5838,0.1982475072145462,1494528
5839,0.20702578127384186,1494784
5840,0.2011493742465973,1495040
5841,0.21232786774635315,1495296
5842,0.2060718685388565,1495552
5843,0.18977977335453033,1495808
5844,0.2079169601202011,1496064
5845,0.18490543961524963,1496320
5846,0.19879084825515747,1496576
5847,0.20725807547569275,1496832
5848,0.20728358626365662,1497088
5849,0.2057095766067505,1497344
5850,0.19464899599552155,1497600
5851,0.17331035435199738,1497856
5852,0.2091725915670395,1498112
5853,0.1922263652086258,1498368
5854,0.2030857354402542,1498624
5855,0.20211823284626007,1498880
5856,0.19182685017585754,1499136
5857,0.2122388482093811,1499392
5858,0.19594775140285492,1499648
5859,0.1980307400226593,1499904
5860,0.19504201412200928,1500160
5861,0.21553730964660645,1500416
5862,0.20166456699371338,1500672
5863,0.20605121552944183,1500928
5864,0.17800991237163544,1501184
5865,0.20023755729198456,1501440
5866,0.20119763910770416,1501696
5867,0.19365480542182922,1501952
5868,0.20536166429519653,1502208
5869,0.2037234753370285,1502464
5870,0.21117213368415833,1502720
5871,0.20069816708564758,1502976
5872,0.20075958967208862,1503232
5873,0.20524170994758606,1503488
5874,0.18313361704349518,1503744
5875,0.20769129693508148,1504000
5876,0.20897236466407776,1504256
5877,0.1961534023284912,1504512
5878,0.20136988162994385,1504768
5879,0.1893191784620285,1505024
5880,0.18221576511859894,1505280
5881,0.19720765948295593,1505536
5882,0.18987439572811127,1505792
5883,0.20909041166305542,1506048
5884,0.2054845690727234,1506304
5885,0.19704988598823547,1506560
5886,0.20976117253303528,1506816
5887,0.20486225187778473,1507072
5888,0.19367821514606476,1507328
5889,0.1829575002193451,1507584
5890,0.18452581763267517,1507840
5891,0.1879226714372635,1508096
5892,0.2051663100719452,1508352
5893,0.19954603910446167,1508608
5894,0.18879325687885284,1508864
5895,0.19052831828594208,1509120
5896,0.20549142360687256,1509376
5897,0.1904609203338623,1509632
5898,0.21015916764736176,1509888
5899,0.18569065630435944,1510144
5900,0.20577643811702728,1510400
5901,0.19379311800003052,1510656
5902,0.21209700405597687,1510912
5903,0.2077871710062027,1511168
5904,0.19098079204559326,1511424
5905,0.210089311003685,1511680
5906,0.19203759729862213,1511936
5907,0.19884082674980164,1512192
5908,0.19715838134288788,1512448
5909,0.1877901554107666,1512704
5910,0.18674595654010773,1512960
5911,0.20371785759925842,1513216
5912,0.20676341652870178,1513472
5913,0.1942795366048813,1513728
5914,0.18972225487232208,1513984
5915,0.1968463510274887,1514240
5916,0.18881456553936005,1514496
5917,0.18846088647842407,1514752
5918,0.1765175759792328,1515008
5919,0.18343979120254517,1515264
5920,0.1994064450263977,1515520
5921,0.21161296963691711,1515776
5922,0.19984424114227295,1516032
5923,0.19595609605312347,1516288
5924,0.18196016550064087,1516544
5925,0.20057108998298645,1516800
5926,0.2078646868467331,1517056
5927,0.20447957515716553,1517312
5928,0.21328122913837433,1517568
5929,0.203109472990036,1517824
5930,0.19105036556720734,1518080
5931,0.20110948383808136,1518336
5932,0.21001534163951874,1518592
5933,0.1856352984905243,1518848
5934,0.20001113414764404,1519104
5935,0.21152108907699585,1519360
5936,0.1949428766965866,1519616
5937,0.20971916615962982,1519872
5938,0.20194914937019348,1520128
5939,0.19602039456367493,1520384
5940,0.2021285742521286,1520640
5941,0.20379437506198883,1520896
5942,0.2010904997587204,1521152
5943,0.19812485575675964,1521408
5944,0.1932719498872757,1521664
5945,0.18986685574054718,1521920
5946,0.2253863364458084,1522176
5947,0.19579336047172546,1522432
5948,0.2002038061618805,1522688
5949,0.21089985966682434,1522944
5950,0.19868972897529602,1523200
5951,0.193362295627594,1523456
5952,0.20048896968364716,1523712
5953,0.19072024524211884,1523968
5954,0.19917140901088715,1524224
5955,0.19712112843990326,1524480
5956,0.2042069435119629,1524736
5957,0.19811709225177765,1524992
5958,0.20978422462940216,1525248
5959,0.19598934054374695,1525504
5960,0.19554926455020905,1525760
5961,0.2104029506444931,1526016
5962,0.20451796054840088,1526272
5963,0.20574647188186646,1526528
5964,0.1979396939277649,1526784
5965,0.1948859542608261,1527040
5966,0.18762372434139252,1527296
5967,0.19250403344631195,1527552
5968,0.20649254322052002,1527808
5969,0.19511151313781738,1528064
5970,0.19010896980762482,1528320
5971,0.20347975194454193,1528576
5972,0.2028399258852005,1528832
5973,0.2066965252161026,1529088
5974,0.19333632290363312,1529344
5975,0.20308345556259155,1529600
5976,0.18113934993743896,1529856
5977,0.21521255373954773,1530112
5978,0.19986693561077118,1530368
5979,0.19722355902194977,1530624
5980,0.19827452301979065,1530880
5981,0.18991553783416748,1531136
5982,0.21164411306381226,1531392
5983,0.19953188300132751,1531648
5984,0.21604208648204803,1531904
5985,0.18740345537662506,1532160
5986,0.20946037769317627,1532416
5987,0.19928328692913055,1532672
5988,0.1869281679391861,1532928
5989,0.17153331637382507,1533184
5990,0.20962271094322205,1533440
5991,0.19613347947597504,1533696
5992,0.2057752013206482,1533952
5993,0.19363591074943542,1534208
5994,0.20283888280391693,1534464
5995,0.20857688784599304,1534720
5996,0.1975192129611969,1534976
5997,0.19700223207473755,1535232
5998,0.21899941563606262,1535488
5999,0.20681829750537872,1535744
6000,0.1916264444589615,1536000
6001,0.20473900437355042,1536256
6002,0.19979998469352722,1536512
6003,0.2042754590511322,1536768
6004,0.2012292444705963,1537024
6005,0.19350582361221313,1537280
6006,0.19014409184455872,1537536
6007,0.2081221044063568,1537792
6008,0.20534059405326843,1538048
6009,0.20732933282852173,1538304
6010,0.19731605052947998,1538560
6011,0.20061098039150238,1538816
6012,0.19998179376125336,1539072
6013,0.19606894254684448,1539328
6014,0.19661910831928253,1539584
6015,0.17886599898338318,1539840
6016,0.20963269472122192,1540096
6017,0.1998845338821411,1540352
6018,0.18268553912639618,1540608
6019,0.2107580453157425,1540864
6020,0.19549764692783356,1541120
6021,0.20043529570102692,1541376
6022,0.201746866106987,1541632
6023,0.19173693656921387,1541888
6024,0.2075117975473404,1542144
6025,0.18427756428718567,1542400
6026,0.19804637134075165,1542656
6027,0.19606488943099976,1542912
6028,0.1891964226961136,1543168
6029,0.2091553509235382,1543424
6030,0.20407238602638245,1543680
6031,0.19116950035095215,1543936
6032,0.19947372376918793,1544192
6033,0.1949089765548706,1544448
6034,0.19722312688827515,1544704
6035,0.19997385144233704,1544960
6036,0.194162055850029,1545216
6037,0.1958102136850357,1545472
6038,0.19132940471172333,1545728
6039,0.19631944596767426,1545984
6040,0.19876207411289215,1546240
6041,0.18460844457149506,1546496
6042,0.2067483365535736,1546752
6043,0.2019163966178894,1547008
6044,0.19606968760490417,1547264
6045,0.19673073291778564,1547520
6046,0.19366143643856049,1547776
6047,0.19032327830791473,1548032
6048,0.22711458802223206,1548288
6049,0.1874939501285553,1548544
6050,0.17671871185302734,1548800
6051,0.20447957515716553,1549056
6052,0.188813254237175,1549312
6053,0.19867642223834991,1549568
6054,0.2048186957836151,1549824
6055,0.19247432053089142,1550080
6056,0.17566092312335968,1550336
6057,0.19831004738807678,1550592
6058,0.19425861537456512,1550848
6059,0.20112301409244537,1551104
6060,0.21113601326942444,1551360
6061,0.20042717456817627,1551616
6062,0.18385833501815796,1551872
6063,0.2131587564945221,1552128
6064,0.19560280442237854,1552384
6065,0.21313779056072235,1552640
6066,0.21340185403823853,1552896
6067,0.18849240243434906,1553152
6068,0.1972864419221878,1553408
6069,0.20198702812194824,1553664
6070,0.20321863889694214,1553920
6071,0.20189157128334045,1554176
6072,0.20105496048927307,1554432
6073,0.18159909546375275,1554688
6074,0.1950700432062149,1554944
6075,0.19764959812164307,1555200
6076,0.2147928923368454,1555456
6077,0.19948135316371918,1555712
6078,0.20317570865154266,1555968
6079,0.1841345727443695,1556224
6080,0.20502622425556183,1556480
6081,0.20076784491539001,1556736
6082,0.20051291584968567,1556992
6083,0.21061208844184875,1557248
6084,0.19900307059288025,1557504
6085,0.19933956861495972,1557760
6086,0.20896731317043304,1558016
6087,0.18657682836055756,1558272
6088,0.2105749100446701,1558528
6089,0.21296556293964386,1558784
6090,0.1896178126335144,1559040
6091,0.21799667179584503,1559296
6092,0.20545466244220734,1559552
6093,0.20788875222206116,1559808
6094,0.19341500103473663,1560064
6095,0.1978938728570938,1560320
6096,0.1968948096036911,1560576
6097,0.20027165114879608,1560832
6098,0.19678492844104767,1561088
6099,0.200829416513443,1561344
6100,0.1879311352968216,1561600
6101,0.2088947594165802,1561856
6102,0.20557937026023865,1562112
6103,0.21163758635520935,1562368
6104,0.21310639381408691,1562624
6105,0.18516460061073303,1562880
6106,0.19498951733112335,1563136
6107,0.17493081092834473,1563392
6108,0.19358180463314056,1563648
6109,0.213190957903862,1563904
6110,0.1863739937543869,1564160
6111,0.21215210855007172,1564416
6112,0.2085725963115692,1564672
6113,0.19277870655059814,1564928
6114,0.1950092762708664,1565184
6115,0.1988823413848877,1565440
6116,0.195474773645401,1565696
6117,0.2015264481306076,1565952
6118,0.19839662313461304,1566208
6119,0.1949179768562317,1566464
6120,0.19895504415035248,1566720
6121,0.20253373682498932,1566976
6122,0.20575495064258575,1567232
6123,0.1926647126674652,1567488
6124,0.19777779281139374,1567744
6125,0.1953180879354477,1568000
6126,0.19493553042411804,1568256
6127,0.19109214842319489,1568512
6128,0.2001057118177414,1568768
6129,0.19553975760936737,1569024
6130,0.2058836668729782,1569280
6131,0.18904255330562592,1569536
6132,0.20729537308216095,1569792
6133,0.20454548299312592,1570048
6134,0.2037535011768341,1570304
6135,0.20912665128707886,1570560
6136,0.20294725894927979,1570816
6137,0.20638996362686157,1571072
6138,0.21010993421077728,1571328
6139,0.21615545451641083,1571584
6140,0.20506125688552856,1571840
6141,0.19920627772808075,1572096
6142,0.20567189157009125,1572352
6143,0.21436525881290436,1572608
6144,0.19884704053401947,1572864
6145,0.19154852628707886,1573120
6146,0.197946697473526,1573376
6147,0.1939796805381775,1573632
6148,0.20163699984550476,1573888
6149,0.18706776201725006,1574144
6150,0.1972701996564865,1574400
6151,0.19213451445102692,1574656
6152,0.18776658177375793,1574912
6153,0.2015855610370636,1575168
6154,0.21970196068286896,1575424
6155,0.20840440690517426,1575680
6156,0.21120139956474304,1575936
6157,0.19034609198570251,1576192
6158,0.20985233783721924,1576448
6159,0.18843357264995575,1576704
6160,0.1897737830877304,1576960
6161,0.19149139523506165,1577216
6162,0.19877272844314575,1577472
6163,0.20027753710746765,1577728
6164,0.2110508382320404,1577984
6165,0.19716298580169678,1578240
6166,0.21111801266670227,1578496
6167,0.20762662589550018,1578752
6168,0.18913613259792328,1579008
6169,0.1933581531047821,1579264
6170,0.20705580711364746,1579520
6171,0.1998947262763977,1579776
6172,0.18838490545749664,1580032
6173,0.20928512513637543,1580288
6174,0.1981915384531021,1580544
6175,0.2023068517446518,1580800
6176,0.21201352775096893,1581056
6177,0.19770494103431702,1581312
6178,0.19655771553516388,1581568
6179,0.1925152987241745,1581824
6180,0.19685952365398407,1582080
6181,0.18628109991550446,1582336
6182,0.19338728487491608,1582592
6183,0.1852383017539978,1582848
6184,0.19381901621818542,1583104
6185,0.20048308372497559,1583360
6186,0.19993695616722107,1583616
6187,0.19771839678287506,1583872
6188,0.21245940029621124,1584128
6189,0.18735462427139282,1584384
6190,0.19126074016094208,1584640
6191,0.2110527753829956,1584896
6192,0.18960675597190857,1585152
6193,0.19368639588356018,1585408
6194,0.19826553761959076,1585664
6195,0.19111447036266327,1585920
6196,0.21183662116527557,1586176
6197,0.19799768924713135,1586432
6198,0.2185932844877243,1586688
6199,0.19952912628650665,1586944
6200,0.1930396407842636,1587200
6201,0.186491921544075,1587456
6202,0.20857582986354828,1587712
6203,0.20192663371562958,1587968
6204,0.2059127539396286,1588224
6205,0.20703326165676117,1588480
6206,0.19602671265602112,1588736
6207,0.2020106315612793,1588992
6208,0.19850361347198486,1589248
6209,0.2066199630498886,1589504
6210,0.19872243702411652,1589760
6211,0.194227397441864,1590016
6212,0.1997716873884201,1590272
6213,0.19084982573986053,1590528
6214,0.19467322528362274,1590784
6215,0.19992993772029877,1591040
6216,0.20454567670822144,1591296
6217,0.19906680285930634,1591552
6218,0.1877715289592743,1591808
6219,0.1951630413532257,1592064
6220,0.2093236744403839,1592320
6221,0.20161224901676178,1592576
6222,0.191401407122612,1592832
6223,0.19247448444366455,1593088
6224,0.2118220180273056,1593344
6225,0.18769340217113495,1593600
6226,0.17867298424243927,1593856
6227,0.19381284713745117,1594112
6228,0.19201533496379852,1594368
6229,0.19248725473880768,1594624
6230,0.18756720423698425,1594880
6231,0.20705969631671906,1595136
6232,0.2060229331254959,1595392
6233,0.20495840907096863,1595648
6234,0.18655423820018768,1595904
6235,0.19065409898757935,1596160
6236,0.19952334463596344,1596416
6237,0.17762507498264313,1596672
6238,0.20739445090293884,1596928
6239,0.19552253186702728,1597184
6240,0.1961204707622528,1597440
6241,0.18598151206970215,1597696
6242,0.19165971875190735,1597952
6243,0.19949184358119965,1598208
6244,0.1911027580499649,1598464
6245,0.1968752145767212,1598720
6246,0.20364587008953094,1598976
6247,0.21013836562633514,1599232
6248,0.20497675240039825,1599488
6249,0.20595812797546387,1599744
6250,0.20316848158836365,1600000
6251,0.1960277259349823,1600256
6252,0.19747234880924225,1600512
6253,0.1932513564825058,1600768
6254,0.20090992748737335,1601024
6255,0.1977124959230423,1601280
6256,0.21374566853046417,1601536
6257,0.19774770736694336,1601792
6258,0.21330340206623077,1602048
6259,0.21027173101902008,1602304
6260,0.1906755119562149,1602560
6261,0.2069508284330368,1602816
6262,0.19503678381443024,1603072
6263,0.19908002018928528,1603328
6264,0.20057174563407898,1603584
6265,0.20655204355716705,1603840
6266,0.19544649124145508,1604096
6267,0.20312325656414032,1604352
6268,0.203450009226799,1604608
6269,0.200062096118927,1604864
6270,0.19531583786010742,1605120
6271,0.18371818959712982,1605376
6272,0.19792954623699188,1605632
6273,0.2031206637620926,1605888
6274,0.20079445838928223,1606144
6275,0.20338179171085358,1606400
6276,0.19382773339748383,1606656
6277,0.19454622268676758,1606912
6278,0.19802837073802948,1607168
6279,0.1983245611190796,1607424
6280,0.19762416183948517,1607680
6281,0.20169726014137268,1607936
6282,0.20052647590637207,1608192
6283,0.21449951827526093,1608448
6284,0.2062499225139618,1608704
6285,0.20465359091758728,1608960
6286,0.22055047750473022,1609216
6287,0.19187062978744507,1609472
6288,0.2061738520860672,1609728
6289,0.2105424702167511,1609984
6290,0.20612424612045288,1610240
6291,0.1977420598268509,1610496
6292,0.20226968824863434,1610752
6293,0.1959468275308609,1611008
6294,0.20872065424919128,1611264
6295,0.2028041034936905,1611520
6296,0.20731329917907715,1611776
6297,0.21190159022808075,1612032
6298,0.19897609949111938,1612288
6299,0.20227542519569397,1612544
6300,0.193979412317276,1612800
6301,0.19585132598876953,1613056
6302,0.20006947219371796,1613312
6303,0.20660042762756348,1613568
6304,0.19942942261695862,1613824
6305,0.20172545313835144,1614080
6306,0.19182904064655304,1614336
6307,0.2012740969657898,1614592
6308,0.2004498690366745,1614848
6309,0.19174014031887054,1615104
6310,0.19712820649147034,1615360
6311,0.20596818625926971,1615616
6312,0.21459263563156128,1615872
6313,0.20496581494808197,1616128
6314,0.20683440566062927,1616384
6315,0.20365847647190094,1616640
6316,0.19124820828437805,1616896
6317,0.19409364461898804,1617152
6318,0.1880519688129425,1617408
6319,0.1943499892950058,1617664
6320,0.21231511235237122,1617920
6321,0.1864364743232727,1618176
6322,0.19024020433425903,1618432
6323,0.18160992860794067,1618688
6324,0.18364448845386505,1618944
6325,0.1824810951948166,1619200
6326,0.20417244732379913,1619456
6327,0.19621747732162476,1619712
6328,0.20820952951908112,1619968
6329,0.21398553252220154,1620224
6330,0.20041421055793762,1620480
6331,0.18957006931304932,1620736
6332,0.1819673776626587,1620992
6333,0.2012893259525299,1621248
6334,0.20657847821712494,1621504
6335,0.19690845906734467,1621760
6336,0.19524608552455902,1622016
6337,0.20316147804260254,1622272
6338,0.20208941400051117,1622528
6339,0.19388192892074585,1622784
6340,0.1978771984577179,1623040
6341,0.19940979778766632,1623296
6342,0.2043599933385849,1623552
6343,0.2016727775335312,1623808
6344,0.21083971858024597,1624064
6345,0.190398171544075,1624320
6346,0.19524656236171722,1624576
6347,0.19075925648212433,1624832
6348,0.1995045244693756,1625088
6349,0.19315621256828308,1625344
6350,0.19195793569087982,1625600
6351,0.1984022557735443,1625856
6352,0.1945039927959442,1626112
6353,0.19092732667922974,1626368
6354,0.2011943906545639,1626624
6355,0.18235184252262115,1626880
6356,0.19085083901882172,1627136
6357,0.21367639303207397,1627392
6358,0.18742428719997406,1627648
6359,0.19586917757987976,1627904
6360,0.1917499303817749,1628160
6361,0.1909036785364151,1628416
6362,0.1970631629228592,1628672
6363,0.20411892235279083,1628928
6364,0.2090430110692978,1629184
6365,0.175632044672966,1629440
6366,0.20260222256183624,1629696
6367,0.2057100087404251,1629952
6368,0.18312694132328033,1630208
6369,0.20098771154880524,1630464
6370,0.2014269381761551,1630720
6371,0.18847212195396423,1630976
6372,0.20685632526874542,1631232
6373,0.20234264433383942,1631488
6374,0.21024586260318756,1631744
6375,0.1941709816455841,1632000
6376,0.18975518643856049,1632256
6377,0.202321857213974,1632512
6378,0.2024865448474884,1632768
6379,0.20731641352176666,1633024
6380,0.19338485598564148,1633280
6381,0.1925915777683258,1633536
6382,0.1930268555879593,1633792
6383,0.20520438253879547,1634048
6384,0.1969585418701172,1634304
6385,0.20090140402317047,1634560
6386,0.18975108861923218,1634816
6387,0.2017814666032791,1635072
6388,0.19973675906658173,1635328
6389,0.18783333897590637,1635584
6390,0.2087850570678711,1635840
6391,0.18533752858638763,1636096
6392,0.19985312223434448,1636352
6393,0.20121708512306213,1636608
6394,0.2083703577518463,1636864
6395,0.19238269329071045,1637120
6396,0.19712677597999573,1637376
6397,0.20335696637630463,1637632
6398,0.18728728592395782,1637888
6399,0.20744822919368744,1638144
6400,0.21581371128559113,1638400
6401,0.2045241743326187,1638656
6402,0.20356620848178864,1638912
6403,0.20421276986598969,1639168
6404,0.20652535557746887,1639424
6405,0.20202650129795074,1639680
6406,0.20315061509609222,1639936
6407,0.20147705078125,1640192
6408,0.19414782524108887,1640448
6409,0.18416614830493927,1640704
6410,0.19488269090652466,1640960
6411,0.20393139123916626,1641216
6412,0.2045886516571045,1641472
6413,0.18981128931045532,1641728
6414,0.18756140768527985,1641984
6415,0.19626647233963013,1642240
6416,0.2101869285106659,1642496
6417,0.20875334739685059,1642752
6418,0.20066125690937042,1643008
6419,0.2036818563938141,1643264
6420,0.20204241573810577,1643520
6421,0.1947086751461029,1643776
6422,0.1991262286901474,1644032
6423,0.18809683620929718,1644288
6424,0.20019495487213135,1644544
6425,0.19868841767311096,1644800
6426,0.2019461840391159,1645056
6427,0.20115099847316742,1645312
6428,0.2049197256565094,1645568
6429,0.1956079751253128,1645824
6430,0.1996431052684784,1646080
6431,0.20194675028324127,1646336
6432,0.19330625236034393,1646592
6433,0.1947413831949234,1646848
6434,0.19607077538967133,1647104
6435,0.19742847979068756,1647360
6436,0.1952081024646759,1647616
6437,0.1978895515203476,1647872
6438,0.196892648935318,1648128
6439,0.20316387712955475,1648384
6440,0.2022468000650406,1648640
6441,0.21089820563793182,1648896
6442,0.19387035071849823,1649152
6443,0.1916525810956955,1649408
6444,0.2000134438276291,1649664
6445,0.19083352386951447,1649920
6446,0.19446343183517456,1650176
6447,0.19930793344974518,1650432
6448,0.18559691309928894,1650688
6449,0.1861906200647354,1650944
6450,0.21041132509708405,1651200
6451,0.2051713615655899,1651456
6452,0.18382637202739716,1651712
6453,0.18808914721012115,1651968
6454,0.18579049408435822,1652224
6455,0.19717220962047577,1652480
6456,0.20497606694698334,1652736
6457,0.21320752799510956,1652992
6458,0.20165559649467468,1653248
6459,0.1892821043729782,1653504
6460,0.19578976929187775,1653760
6461,0.18790337443351746,1654016
6462,0.19209429621696472,1654272
6463,0.21048855781555176,1654528
6464,0.1947489082813263,1654784
6465,0.20073330402374268,1655040
6466,0.19659727811813354,1655296
6467,0.1902829110622406,1655552
6468,0.20198474824428558,1655808
6469,0.18642820417881012,1656064
6470,0.19628477096557617,1656320
6471,0.2014293521642685,1656576
6472,0.20359985530376434,1656832
6473,0.20578965544700623,1657088
6474,0.19920580089092255,1657344
6475,0.205150306224823,1657600
6476,0.1906796246767044,1657856
6477,0.19460195302963257,1658112
6478,0.2084096223115921,1658368
6479,0.19372686743736267,1658624
6480,0.20972022414207458,1658880
6481,0.19185870885849,1659136
6482,0.18746589124202728,1659392
6483,0.20355702936649323,1659648
6484,0.2052023708820343,1659904
6485,0.20603495836257935,1660160
6486,0.19165855646133423,1660416
6487,0.18759441375732422,1660672
6488,0.20290043950080872,1660928
6489,0.18938642740249634,1661184
6490,0.20172858238220215,1661440
6491,0.19841772317886353,1661696
6492,0.20379382371902466,1661952
6493,0.2048300802707672,1662208
6494,0.2038126289844513,1662464
6495,0.19405367970466614,1662720
6496,0.20355820655822754,1662976
6497,0.21534118056297302,1663232
6498,0.20004470646381378,1663488
6499,0.21781976521015167,1663744
6500,0.19628627598285675,1664000
6501,0.18852408230304718,1664256
6502,0.2102392315864563,1664512
6503,0.19077633321285248,1664768
6504,0.19128073751926422,1665024
6505,0.1930904984474182,1665280
6506,0.1926611214876175,1665536
6507,0.19653484225273132,1665792
6508,0.2085571140050888,1666048
6509,0.1937556117773056,1666304
6510,0.20789386332035065,1666560
6511,0.21127520501613617,1666816
6512,0.20232033729553223,1667072
6513,0.2031821608543396,1667328
6514,0.20165081322193146,1667584
6515,0.19470518827438354,1667840
6516,0.18800020217895508,1668096
6517,0.19029869139194489,1668352
6518,0.20173506438732147,1668608
6519,0.19713790714740753,1668864
6520,0.1959226429462433,1669120
6521,0.19738256931304932,1669376
6522,0.20422928035259247,1669632
6523,0.20865856111049652,1669888
6524,0.2026500403881073,1670144
6525,0.1969393640756607,1670400
6526,0.20805208384990692,1670656
6527,0.20302020013332367,1670912
6528,0.19318559765815735,1671168
6529,0.19150234758853912,1671424
6530,0.19604429602622986,1671680
6531,0.1893906593322754,1671936
6532,0.20815409719944,1672192
6533,0.19842983782291412,1672448
6534,0.20812684297561646,1672704
6535,0.2023683786392212,1672960
6536,0.1994280368089676,1673216
6537,0.19943466782569885,1673472
6538,0.20562180876731873,1673728
6539,0.19796372950077057,1673984
6540,0.19154569506645203,1674240
6541,0.19753798842430115,1674496
6542,0.20099683105945587,1674752
6543,0.1784486025571823,1675008
6544,0.2149437665939331,1675264
6545,0.1800125241279602,1675520
6546,0.18667055666446686,1675776
6547,0.18809375166893005,1676032
6548,0.19250230491161346,1676288
6549,0.20536263287067413,1676544
6550,0.18716928362846375,1676800
6551,0.19550812244415283,1677056
6552,0.19986353814601898,1677312
6553,0.195317804813385,1677568
6554,0.19514313340187073,1677824
6555,0.1913323998451233,1678080
6556,0.18588614463806152,1678336
6557,0.20897048711776733,1678592
6558,0.18751996755599976,1678848
6559,0.19427408277988434,1679104
6560,0.19033092260360718,1679360
6561,0.20167949795722961,1679616
6562,0.20844975113868713,1679872
6563,0.1911996454000473,1680128
6564,0.18599624931812286,1680384
6565,0.18603366613388062,1680640
6566,0.20180822908878326,1680896
6567,0.19942378997802734,1681152
6568,0.19615209102630615,1681408
6569,0.2014722228050232,1681664
6570,0.19639326632022858,1681920
6571,0.20107945799827576,1682176
6572,0.19681087136268616,1682432
6573,0.20322346687316895,1682688
6574,0.18526522815227509,1682944
6575,0.19186721742153168,1683200
6576,0.2026253491640091,1683456
6577,0.20154565572738647,1683712
6578,0.1903335005044937,1683968
6579,0.20653650164604187,1684224
6580,0.1990559697151184,1684480
6581,0.19338087737560272,1684736
6582,0.18720780313014984,1684992
6583,0.19639211893081665,1685248
6584,0.22041167318820953,1685504
6585,0.20699794590473175,1685760
6586,0.20850558578968048,1686016
6587,0.19225971400737762,1686272
6588,0.19240118563175201,1686528
6589,0.2113838493824005,1686784
6590,0.18813182413578033,1687040
6591,0.21097823977470398,1687296
6592,0.19677715003490448,1687552
6593,0.18143220245838165,1687808
6594,0.1940673291683197,1688064
6595,0.20911270380020142,1688320
6596,0.20612812042236328,1688576
6597,0.21630971133708954,1688832
6598,0.19255590438842773,1689088
6599,0.2055806815624237,1689344
6600,0.1983308345079422,1689600
6601,0.1959233283996582,1689856
6602,0.21003253757953644,1690112
6603,0.19348523020744324,1690368
6604,0.19129464030265808,1690624
6605,0.1931133270263672,1690880
6606,0.21110668778419495,1691136
6607,0.19680266082286835,1691392
6608,0.19525378942489624,1691648
6609,0.20016475021839142,1691904
6610,0.18552561104297638,1692160
6611,0.21169467270374298,1692416
6612,0.21075090765953064,1692672
6613,0.20175278186798096,1692928
6614,0.18621155619621277,1693184
6615,0.20280970633029938,1693440
6616,0.20091426372528076,1693696
6617,0.19140028953552246,1693952
6618,0.2053615301847458,1694208
6619,0.1850554198026657,1694464
6620,0.1908009946346283,1694720
6621,0.19589290022850037,1694976
6622,0.2111724317073822,1695232
6623,0.19214853644371033,1695488
6624,0.1981736272573471,1695744
6625,0.21242552995681763,1696000
6626,0.1968797892332077,1696256
6627,0.20336315035820007,1696512
6628,0.19873932003974915,1696768
6629,0.1973627358675003,1697024
6630,0.19963374733924866,1697280
6631,0.21128696203231812,1697536
6632,0.19902053475379944,1697792
6633,0.1977051943540573,1698048
6634,0.19289831817150116,1698304
6635,0.19039367139339447,1698560
6636,0.19336135685443878,1698816
6637,0.1988278031349182,1699072
6638,0.19466471672058105,1699328
6639,0.18100741505622864,1699584
6640,0.19160552322864532,1699840
6641,0.1969427615404129,1700096
6642,0.20410113036632538,1700352
6643,0.1896587759256363,1700608
6644,0.2011101394891739,1700864
6645,0.19648407399654388,1701120
6646,0.17712943255901337,1701376
6647,0.2150915116071701,1701632
6648,0.20859594643115997,1701888
6649,0.20501533150672913,1702144
6650,0.183181494474411,1702400
6651,0.18882517516613007,1702656
6652,0.18608227372169495,1702912
6653,0.19973179697990417,1703168
6654,0.18602213263511658,1703424
6655,0.20111128687858582,1703680
6656,0.19011680781841278,1703936
6657,0.20623938739299774,1704192
6658,0.2048615962266922,1704448
6659,0.19581256806850433,1704704
6660,0.2093283087015152,1704960
6661,0.1870831996202469,1705216
6662,0.19664569199085236,1705472
6663,0.20102791488170624,1705728
6664,0.20106473565101624,1705984
6665,0.20648755133152008,1706240
6666,0.17635765671730042,1706496
6667,0.19782663881778717,1706752
6668,0.19800029695034027,1707008
6669,0.19986939430236816,1707264
6670,0.2063308209180832,1707520
6671,0.19421599805355072,1707776
6672,0.1985544115304947,1708032
6673,0.19249814748764038,1708288
6674,0.2014373540878296,1708544
6675,0.20790983736515045,1708800
6676,0.19196611642837524,1709056
6677,0.21046102046966553,1709312
6678,0.19620145857334137,1709568
6679,0.1907556653022766,1709824
6680,0.213230699300766,1710080
6681,0.1949167400598526,1710336
6682,0.19946689903736115,1710592
6683,0.20204326510429382,1710848
6684,0.1952965259552002,1711104
6685,0.1918165683746338,1711360
6686,0.20192544162273407,1711616
6687,0.21128274500370026,1711872
6688,0.21049070358276367,1712128
6689,0.1929537057876587,1712384
6690,0.21049149334430695,1712640
6691,0.20299972593784332,1712896
6692,0.20945113897323608,1713152
6693,0.2015678584575653,1713408
6694,0.19791296124458313,1713664
6695,0.20422205328941345,1713920
6696,0.2078143060207367,1714176
6697,0.1992141604423523,1714432
6698,0.20541945099830627,1714688
6699,0.21592657268047333,1714944
6700,0.20071054995059967,1715200
6701,0.20771028101444244,1715456
6702,0.20074965059757233,1715712
6703,0.20280706882476807,1715968
6704,0.18538735806941986,1716224
6705,0.21135574579238892,1716480
6706,0.19376042485237122,1716736
6707,0.21883448958396912,1716992
6708,0.18686409294605255,1717248
6709,0.20551414787769318,1717504
6710,0.1878710389137268,1717760
6711,0.20490728318691254,1718016
6712,0.19723856449127197,1718272
6713,0.20804835855960846,1718528
6714,0.2119140625,1718784
6715,0.20407874882221222,1719040
6716,0.19093403220176697,1719296
6717,0.21862706542015076,1719552
6718,0.19886156916618347,1719808
6719,0.18978121876716614,1720064
6720,0.190582275390625,1720320
6721,0.19307415187358856,1720576
6722,0.20455677807331085,1720832
6723,0.20526695251464844,1721088
6724,0.19410832226276398,1721344
6725,0.20727026462554932,1721600
6726,0.20143474638462067,1721856
6727,0.18754121661186218,1722112
6728,0.19377362728118896,1722368
6729,0.19487814605236053,1722624
6730,0.20308132469654083,1722880
6731,0.192022904753685,1723136
6732,0.20221638679504395,1723392
6733,0.2056376188993454,1723648
6734,0.17720630764961243,1723904
6735,0.2044493854045868,1724160
6736,0.20002542436122894,1724416
6737,0.20176488161087036,1724672
6738,0.20262302458286285,1724928
6739,0.18030144274234772,1725184
6740,0.19893382489681244,1725440
6741,0.19152750074863434,1725696
6742,0.1992325633764267,1725952
6743,0.20238059759140015,1726208
6744,0.20429755747318268,1726464
6745,0.19663245975971222,1726720
6746,0.20502735674381256,1726976
6747,0.19204391539096832,1727232
6748,0.21309734880924225,1727488
6749,0.20447629690170288,1727744
6750,0.20021548867225647,1728000
6751,0.1986902803182602,1728256
6752,0.19115948677062988,1728512
6753,0.1975991576910019,1728768
6754,0.19654996693134308,1729024
6755,0.1963314265012741,1729280
6756,0.19533397257328033,1729536
6757,0.19960860908031464,1729792
6758,0.21260127425193787,1730048
6759,0.21382930874824524,1730304
6760,0.20620033144950867,1730560
6761,0.21194212138652802,1730816
6762,0.2163284868001938,1731072
6763,0.19691409170627594,1731328
6764,0.2052583545446396,1731584
6765,0.20068736374378204,1731840
6766,0.19861888885498047,1732096
6767,0.1943272352218628,1732352
6768,0.19576308131217957,1732608
6769,0.20956695079803467,1732864
6770,0.20146898925304413,1733120
6771,0.1911042183637619,1733376
6772,0.19811786711215973,1733632
6773,0.19869746267795563,1733888
6774,0.19082367420196533,1734144
6775,0.19484743475914001,1734400
6776,0.20129384100437164,1734656
6777,0.20745638012886047,1734912
6778,0.19930815696716309,1735168
6779,0.19847841560840607,1735424
6780,0.2016700953245163,1735680
6781,0.2100360095500946,1735936
6782,0.20901954174041748,1736192
6783,0.19510401785373688,1736448
6784,0.19857634603977203,1736704
6785,0.18985527753829956,1736960
6786,0.1941957175731659,1737216
6787,0.20030486583709717,1737472
6788,0.19250982999801636,1737728
6789,0.19728045165538788,1737984
6790,0.20707139372825623,1738240
6791,0.1930273026227951,1738496
6792,0.19546790421009064,1738752
6793,0.2032465934753418,1739008
6794,0.20278920233249664,1739264
6795,0.214537113904953,1739520
6796,0.19185806810855865,1739776
6797,0.20137286186218262,1740032
6798,0.2037450671195984,1740288
6799,0.19560296833515167,1740544
6800,0.20939143002033234,1740800
6801,0.1943313181400299,1741056
6802,0.20324140787124634,1741312
6803,0.20071901381015778,1741568
6804,0.19946178793907166,1741824
6805,0.19558840990066528,1742080
6806,0.19963310658931732,1742336
6807,0.20605312287807465,1742592
6808,0.206947922706604,1742848
6809,0.1986953169107437,1743104
6810,0.19737638533115387,1743360
6811,0.19582608342170715,1743616
6812,0.2007896602153778,1743872
6813,0.19951623678207397,1744128
6814,0.19637665152549744,1744384
6815,0.20256070792675018,1744640
6816,0.20597824454307556,1744896
6817,0.2005365639925003,1745152
6818,0.2041577696800232,1745408
6819,0.1929822415113449,1745664
6820,0.2099761664867401,1745920
6821,0.19629567861557007,1746176
6822,0.19829455018043518,1746432
6823,0.18839363753795624,1746688
6824,0.19107015430927277,1746944
6825,0.2029133439064026,1747200
6826,0.21036560833454132,1747456
6827,0.20406384766101837,1747712
6828,0.20961958169937134,1747968
6829,0.1942526400089264,1748224
6830,0.185338094830513,1748480
6831,0.20248813927173615,1748736
6832,0.19942045211791992,1748992
6833,0.21408192813396454,1749248
6834,0.1973107010126114,1749504
6835,0.20178356766700745,1749760
6836,0.21323639154434204,1750016
6837,0.19911445677280426,1750272
6838,0.20948201417922974,1750528
6839,0.21270573139190674,1750784
6840,0.18607817590236664,1751040
6841,0.19033288955688477,1751296
6842,0.20387612283229828,1751552
6843,0.19393186271190643,1751808
6844,0.19905510544776917,1752064
6845,0.20105251669883728,1752320
6846,0.22062726318836212,1752576
6847,0.20304250717163086,1752832
6848,0.1970437467098236,1753088
6849,0.20327359437942505,1753344
6850,0.2036452293395996,1753600
6851,0.2134927660226822,1753856
6852,0.18919633328914642,1754112
6853,0.19611358642578125,1754368
6854,0.2040727287530899,1754624
6855,0.200763538479805,1754880
6856,0.19845843315124512,1755136
6857,0.19169723987579346,1755392
6858,0.20829720795154572,1755648
6859,0.19461706280708313,1755904
6860,0.19976310431957245,1756160
6861,0.18730472028255463,1756416
6862,0.20724739134311676,1756672
6863,0.2118319422006607,1756928
6864,0.203518807888031,1757184
6865,0.19881480932235718,1757440
6866,0.19794316589832306,1757696
6867,0.1986909955739975,1757952
6868,0.20304657518863678,1758208
6869,0.20126350224018097,1758464
6870,0.21479995548725128,1758720
6871,0.19014781713485718,1758976
6872,0.20383282005786896,1759232
6873,0.20418678224086761,1759488
6874,0.21208246052265167,1759744
6875,0.18329642713069916,1760000
6876,0.19073867797851562,1760256
6877,0.19558343291282654,1760512
6878,0.19917699694633484,1760768
6879,0.18944479525089264,1761024
6880,0.18765807151794434,1761280
6881,0.18723230063915253,1761536
6882,0.18803264200687408,1761792
6883,0.19342511892318726,1762048
6884,0.20161393284797668,1762304
6885,0.20300431549549103,1762560
6886,0.20219044387340546,1762816
6887,0.2065267115831375,1763072
6888,0.19035658240318298,1763328
6889,0.20341305434703827,1763584
6890,0.20024526119232178,1763840
6891,0.20694981515407562,1764096
6892,0.18443399667739868,1764352
6893,0.1859184205532074,1764608
6894,0.19343550503253937,1764864
6895,0.2025509774684906,1765120
6896,0.18740463256835938,1765376
6897,0.19804967939853668,1765632
6898,0.20123013854026794,1765888
6899,0.19439807534217834,1766144
6900,0.2079257369041443,1766400
6901,0.20933879911899567,1766656
6902,0.20460261404514313,1766912
6903,0.20568226277828217,1767168
6904,0.20716090500354767,1767424
6905,0.21172042191028595,1767680
6906,0.20608319342136383,1767936
6907,0.18401189148426056,1768192
6908,0.197331503033638,1768448
6909,0.1892388015985489,1768704
6910,0.1992260068655014,1768960
6911,0.204995259642601,1769216
6912,0.20734475553035736,1769472
6913,0.2069181650876999,1769728
6914,0.20633789896965027,1769984
6915,0.19019551575183868,1770240
6916,0.19126014411449432,1770496
6917,0.1882835477590561,1770752
6918,0.20838198065757751,1771008
6919,0.19631607830524445,1771264
6920,0.20540401339530945,1771520
6921,0.20322036743164062,1771776
6922,0.20597122609615326,1772032
6923,0.1857282519340515,1772288
6924,0.20525015890598297,1772544
6925,0.20075629651546478,1772800
6926,0.19951407611370087,1773056
6927,0.20117279887199402,1773312
6928,0.19461700320243835,1773568
6929,0.19896382093429565,1773824
6930,0.19390350580215454,1774080
6931,0.20056217908859253,1774336
6932,0.20794454216957092,1774592
6933,0.19733008742332458,1774848
6934,0.20638631284236908,1775104
6935,0.19868940114974976,1775360
6936,0.19251210987567902,1775616
6937,0.20985113084316254,1775872
6938,0.19410263001918793,1776128
6939,0.21682924032211304,1776384
6940,0.20407789945602417,1776640
6941,0.20413266122341156,1776896
6942,0.1973673403263092,1777152
6943,0.20898616313934326,1777408
6944,0.17059513926506042,1777664
6945,0.19230660796165466,1777920
6946,0.18831829726696014,1778176
6947,0.19341187179088593,1778432
6948,0.1913173794746399,1778688
6949,0.20255379378795624,1778944
6950,0.20349371433258057,1779200
6951,0.20780639350414276,1779456
6952,0.1786607950925827,1779712
6953,0.19538162648677826,1779968
6954,0.20051832497119904,1780224
6955,0.19840021431446075,1780480
6956,0.19297106564044952,1780736
6957,0.20433147251605988,1780992
6958,0.19977228343486786,1781248
6959,0.19244790077209473,1781504
6960,0.19970834255218506,1781760
6961,0.19078902900218964,1782016
6962,0.19008755683898926,1782272
6963,0.20874883234500885,1782528
6964,0.2035577893257141,1782784
6965,0.20290379226207733,1783040
6966,0.19858913123607635,1783296
6967,0.1956196278333664,1783552
6968,0.19630476832389832,1783808
6969,0.1904476284980774,1784064
6970,0.205641508102417,1784320
6971,0.19575908780097961,1784576
6972,0.19377033412456512,1784832
6973,0.2016432136297226,1785088
6974,0.19178041815757751,1785344
6975,0.20814906060695648,1785600
6976,0.2047669142484665,1785856
6977,0.20224834978580475,1786112
6978,0.18645846843719482,1786368
6979,0.20633883774280548,1786624
6980,0.20467376708984375,1786880
6981,0.2016621083021164,1787136
6982,0.2041698694229126,1787392
6983,0.20037728548049927,1787648
6984,0.2085845172405243,1787904
6985,0.19556164741516113,1788160
6986,0.21067453920841217,1788416
6987,0.20618237555027008,1788672
6988,0.20318174362182617,1788928
6989,0.19095076620578766,1789184
6990,0.21043653786182404,1789440
6991,0.20958064496517181,1789696
6992,0.19257952272891998,1789952
6993,0.2009047120809555,1790208
6994,0.20816946029663086,1790464
6995,0.19499307870864868,1790720
6996,0.19849590957164764,1790976
6997,0.20388612151145935,1791232
6998,0.18584811687469482,1791488
6999,0.19783784449100494,1791744
7000,0.1868198662996292,1792000
7001,0.20174045860767365,1792256
7002,0.1979871541261673,1792512
7003,0.19485783576965332,1792768
7004,0.210887148976326,1793024
7005,0.1975531429052353,1793280
7006,0.17764534056186676,1793536
7007,0.21285362541675568,1793792
7008,0.192449152469635,1794048
7009,0.21000832319259644,1794304
7010,0.20716457068920135,1794560
7011,0.19907379150390625,1794816
7012,0.2152552455663681,1795072
7013,0.18974992632865906,1795328
7014,0.1992591917514801,1795584
7015,0.1945287585258484,1795840
7016,0.20026586949825287,1796096
7017,0.19592440128326416,1796352
7018,0.18953412771224976,1796608
7019,0.18609483540058136,1796864
7020,0.19454258680343628,1797120
7021,0.19991742074489594,1797376
7022,0.20527875423431396,1797632
7023,0.18093328177928925,1797888
7024,0.20872819423675537,1798144
7025,0.19424964487552643,1798400
7026,0.2074126899242401,1798656
7027,0.20564033091068268,1798912
7028,0.19425156712532043,1799168
7029,0.2007315307855606,1799424
7030,0.20455814898014069,1799680
7031,0.19297778606414795,1799936
7032,0.21330147981643677,1800192
7033,0.2026725560426712,1800448
7034,0.20290279388427734,1800704
7035,0.19936132431030273,1800960
7036,0.20640531182289124,1801216
7037,0.20154163241386414,1801472
7038,0.20838645100593567,1801728
7039,0.20907770097255707,1801984
7040,0.1864916980266571,1802240
7041,0.20582617819309235,1802496
7042,0.1991485357284546,1802752
7043,0.20516687631607056,1803008
7044,0.19995146989822388,1803264
7045,0.18940237164497375,1803520
7046,0.19176402688026428,1803776
7047,0.19814914464950562,1804032
7048,0.19784356653690338,1804288
7049,0.20017750561237335,1804544
7050,0.20391276478767395,1804800
7051,0.1868310570716858,1805056
7052,0.20154030621051788,1805312
7053,0.19684353470802307,1805568
7054,0.1947287917137146,1805824
7055,0.21520951390266418,1806080
7056,0.203957200050354,1806336
7057,0.19971656799316406,1806592
7058,0.20179352164268494,1806848
7059,0.1929401159286499,1807104
7060,0.2044026106595993,1807360
7061,0.19979435205459595,1807616
7062,0.19075381755828857,1807872
7063,0.20102812349796295,1808128
7064,0.19618582725524902,1808384
7065,0.19398091733455658,1808640
7066,0.21243780851364136,1808896
7067,0.1948111653327942,1809152
7068,0.19663682579994202,1809408
7069,0.18902641534805298,1809664
7070,0.2032865732908249,1809920
7071,0.20259982347488403,1810176
7072,0.19620022177696228,1810432
7073,0.2068416327238083,1810688
7074,0.1991301029920578,1810944
7075,0.20531922578811646,1811200
7076,0.20013394951820374,1811456
7077,0.2023562639951706,1811712
7078,0.21877972781658173,1811968
7079,0.1988602876663208,1812224
7080,0.20315568149089813,1812480
7081,0.1964835375547409,1812736
7082,0.1877523958683014,1812992
7083,0.20066827535629272,1813248
7084,0.19648171961307526,1813504
7085,0.20721524953842163,1813760
7086,0.21820826828479767,1814016
7087,0.19777965545654297,1814272
7088,0.2068987488746643,1814528
7089,0.2046646624803543,1814784
7090,0.19672797620296478,1815040
7091,0.20337963104248047,1815296
7092,0.20420780777931213,1815552
7093,0.2016611397266388,1815808
7094,0.2035684883594513,1816064
7095,0.197505921125412,1816320
7096,0.20539836585521698,1816576
7097,0.1943710595369339,1816832
7098,0.18976636230945587,1817088
7099,0.20370188355445862,1817344
7100,0.19510509073734283,1817600
7101,0.19892190396785736,1817856
7102,0.21097847819328308,1818112
7103,0.1891935169696808,1818368
7104,0.21001489460468292,1818624
7105,0.200858935713768,1818880
7106,0.198043555021286,1819136
7107,0.19735552370548248,1819392
7108,0.1910468339920044,1819648
7109,0.18593008816242218,1819904
7110,0.18516315519809723,1820160
7111,0.19355013966560364,1820416
7112,0.20406615734100342,1820672
7113,0.19613315165042877,1820928
7114,0.19365942478179932,1821184
7115,0.1844383329153061,1821440
7116,0.1924505978822708,1821696
7117,0.1984405517578125,1821952
7118,0.1940140426158905,1822208
7119,0.21174676716327667,1822464
7120,0.19728071987628937,1822720
7121,0.20026731491088867,1822976
7122,0.21324726939201355,1823232
7123,0.20520128309726715,1823488
7124,0.19464971125125885,1823744
7125,0.20094698667526245,1824000
7126,0.19250541925430298,1824256
7127,0.1974295675754547,1824512
7128,0.206968754529953,1824768
7129,0.20370861887931824,1825024
7130,0.18882834911346436,1825280
7131,0.2140319049358368,1825536
7132,0.1951913684606552,1825792
7133,0.20315268635749817,1826048
7134,0.1975557506084442,1826304
7135,0.2167666107416153,1826560
7136,0.19750818610191345,1826816
7137,0.19684280455112457,1827072
7138,0.20755796134471893,1827328
7139,0.18952088057994843,1827584
7140,0.1927187293767929,1827840
7141,0.2024676352739334,1828096
7142,0.1987241953611374,1828352
7143,0.20135441422462463,1828608
7144,0.20498277246952057,1828864
7145,0.21015790104866028,1829120
7146,0.20935437083244324,1829376
7147,0.22404511272907257,1829632
7148,0.202448308467865,1829888
7149,0.21228551864624023,1830144
7150,0.20904652774333954,1830400
7151,0.21242991089820862,1830656
7152,0.20379436016082764,1830912
7153,0.1916208565235138,1831168
7154,0.20034848153591156,1831424
7155,0.20208501815795898,1831680
7156,0.1968269646167755,1831936
7157,0.19298137724399567,1832192
7158,0.20690932869911194,1832448
7159,0.19980189204216003,1832704
7160,0.20012138783931732,1832960
7161,0.1978120058774948,1833216
7162,0.21185778081417084,1833472
7163,0.2038762867450714,1833728
7164,0.20445667207241058,1833984
7165,0.1948867291212082,1834240
7166,0.19323848187923431,1834496
7167,0.2000502347946167,1834752
7168,0.2067384421825409,1835008
7169,0.18546751141548157,1835264
7170,0.20574067533016205,1835520
7171,0.2061399221420288,1835776
7172,0.18852119147777557,1836032
7173,0.20106175541877747,1836288
7174,0.2156703621149063,1836544
7175,0.21193711459636688,1836800
7176,0.19989430904388428,1837056
7177,0.19330734014511108,1837312
7178,0.19937916100025177,1837568
7179,0.2023194283246994,1837824
7180,0.1914561241865158,1838080
7181,0.20666508376598358,1838336
7182,0.19511818885803223,1838592
7183,0.18715599179267883,1838848
7184,0.18847332894802094,1839104
7185,0.19441060721874237,1839360
7186,0.1893526315689087,1839616
7187,0.19285069406032562,1839872
7188,0.18747957050800323,1840128
7189,0.18493038415908813,1840384
7190,0.20354421436786652,1840640
7191,0.1909194439649582,1840896
7192,0.1938721090555191,1841152
7193,0.1974916160106659,1841408
7194,0.20022837817668915,1841664
7195,0.19492216408252716,1841920
7196,0.1867532730102539,1842176
7197,0.21119773387908936,1842432
7198,0.19695694744586945,1842688
7199,0.19496619701385498,1842944
7200,0.1858588308095932,1843200
7201,0.2199264019727707,1843456
7202,0.20093406736850739,1843712
7203,0.18406538665294647,1843968
7204,0.18169404566287994,1844224
7205,0.2050720900297165,1844480
7206,0.2022591382265091,1844736
7207,0.20868928730487823,1844992
7208,0.19588921964168549,1845248
7209,0.20793235301971436,1845504
7210,0.19020876288414001,1845760
7211,0.19797110557556152,1846016
7212,0.200687438249588,1846272
7213,0.1931585818529129,1846528
7214,0.20756109058856964,1846784
7215,0.1941182166337967,1847040
7216,0.19741587340831757,1847296
7217,0.2156541347503662,1847552
7218,0.2143196016550064,1847808
7219,0.19281747937202454,1848064
7220,0.20816783607006073,1848320
7221,0.19392485916614532,1848576
7222,0.203403040766716,1848832
7223,0.20690613985061646,1849088
7224,0.20576351881027222,1849344
7225,0.1992984265089035,1849600
7226,0.1989624947309494,1849856
7227,0.202598437666893,1850112
7228,0.19399286806583405,1850368
7229,0.19878436625003815,1850624
7230,0.20157164335250854,1850880
7231,0.19882676005363464,1851136
7232,0.189038947224617,1851392
7233,0.20855900645256042,1851648
7234,0.1971627026796341,1851904
7235,0.19403719902038574,1852160
7236,0.1993454396724701,1852416
7237,0.21028637886047363,1852672
7238,0.20043247938156128,1852928
7239,0.21042071282863617,1853184
7240,0.20559564232826233,1853440
7241,0.1934090405702591,1853696
7242,0.19724269211292267,1853952
7243,0.21724550426006317,1854208
7244,0.1984681338071823,1854464
7245,0.19169431924819946,1854720
7246,0.1996256411075592,1854976
7247,0.20179028809070587,1855232
7248,0.20014403760433197,1855488
7249,0.1964624971151352,1855744
7250,0.20961733162403107,1856000
7251,0.19595268368721008,1856256
7252,0.19383446872234344,1856512
7253,0.21101655066013336,1856768
7254,0.1968645304441452,1857024
7255,0.18225301802158356,1857280
7256,0.19660428166389465,1857536
7257,0.1991981714963913,1857792
7258,0.19603870809078217,1858048
7259,0.18888895213603973,1858304
7260,0.21049636602401733,1858560
7261,0.20705971121788025,1858816
7262,0.20098714530467987,1859072
7263,0.20792527496814728,1859328
7264,0.20750877261161804,1859584
7265,0.20165184140205383,1859840
7266,0.2027757465839386,1860096
7267,0.21006351709365845,1860352
7268,0.20922452211380005,1860608
7269,0.1998148262500763,1860864
7270,0.20168668031692505,1861120
7271,0.19900429248809814,1861376
7272,0.19948841631412506,1861632
7273,0.20044346153736115,1861888
7274,0.19563540816307068,1862144
7275,0.1910972148180008,1862400
7276,0.20856156945228577,1862656
7277,0.2008170485496521,1862912
7278,0.2119443416595459,1863168
7279,0.20176580548286438,1863424
7280,0.19057725369930267,1863680
7281,0.2041204422712326,1863936
7282,0.20482011139392853,1864192
7283,0.1781693696975708,1864448
7284,0.19966644048690796,1864704
7285,0.1986151933670044,1864960
7286,0.19296856224536896,1865216
7287,0.18568621575832367,1865472
7288,0.19668935239315033,1865728
7289,0.19667109847068787,1865984
7290,0.20724648237228394,1866240
7291,0.1855376660823822,1866496
7292,0.2055129110813141,1866752
7293,0.189237579703331,1867008
7294,0.2092166692018509,1867264
7295,0.20093582570552826,1867520
7296,0.1933802366256714,1867776
7297,0.1822083443403244,1868032
7298,0.20024405419826508,1868288
7299,0.20032601058483124,1868544
7300,0.18880772590637207,1868800
7301,0.192417711019516,1869056
7302,0.20731212198734283,1869312
7303,0.17790940403938293,1869568
7304,0.20265315473079681,1869824
7305,0.2043924629688263,1870080
7306,0.20103572309017181,1870336
7307,0.19353346526622772,1870592
7308,0.2040233314037323,1870848
7309,0.1988803595304489,1871104
7310,0.21507039666175842,1871360
7311,0.2023371011018753,1871616
7312,0.18252791464328766,1871872
7313,0.2016439586877823,1872128
7314,0.19143621623516083,1872384
7315,0.2070734202861786,1872640
7316,0.21185678243637085,1872896
7317,0.20125441253185272,1873152
7318,0.1941974014043808,1873408
7319,0.2044975608587265,1873664
7320,0.20454490184783936,1873920
7321,0.20588727295398712,1874176
7322,0.1847975254058838,1874432
7323,0.20575660467147827,1874688
7324,0.20537057518959045,1874944
7325,0.19429494440555573,1875200
7326,0.20184014737606049,1875456
7327,0.20872348546981812,1875712
7328,0.19383873045444489,1875968
7329,0.202328622341156,1876224
7330,0.20597007870674133,1876480
7331,0.20431706309318542,1876736
7332,0.21056629717350006,1876992
7333,0.19665268063545227,1877248
7334,0.19534899294376373,1877504
7335,0.214407280087471,1877760
7336,0.18424101173877716,1878016
7337,0.20042437314987183,1878272
7338,0.19910076260566711,1878528
7339,0.19811347126960754,1878784
7340,0.19880788028240204,1879040
7341,0.18928255140781403,1879296
7342,0.20174629986286163,1879552
7343,0.20246875286102295,1879808
7344,0.21197864413261414,1880064
7345,0.1940217912197113,1880320
7346,0.19312122464179993,1880576
7347,0.20753325521945953,1880832
7348,0.19651640951633453,1881088
7349,0.2066272497177124,1881344
7350,0.2037237584590912,1881600
7351,0.20349806547164917,1881856
7352,0.19987885653972626,1882112
7353,0.185500830411911,1882368
7354,0.19059042632579803,1882624
7355,0.19989797472953796,1882880
7356,0.2235753834247589,1883136
7357,0.1962776780128479,1883392
7358,0.18638280034065247,1883648
7359,0.2088601440191269,1883904
7360,0.19254335761070251,1884160
7361,0.20329631865024567,1884416
7362,0.19968195259571075,1884672
7363,0.19300878047943115,1884928
7364,0.20285966992378235,1885184
7365,0.20450834929943085,1885440
7366,0.19934606552124023,1885696
7367,0.18727390468120575,1885952
7368,0.1982286423444748,1886208
7369,0.19035124778747559,1886464
7370,0.21272529661655426,1886720
7371,0.2014785259962082,1886976
7372,0.18835397064685822,1887232
7373,0.19565781950950623,1887488
7374,0.20040473341941833,1887744
7375,0.20162957906723022,1888000
7376,0.197006493806839,1888256
7377,0.20660604536533356,1888512
7378,0.20589637756347656,1888768
7379,0.19726581871509552,1889024
7380,0.18671704828739166,1889280
7381,0.214618518948555,1889536
7382,0.1989183872938156,1889792
7383,0.2046334147453308,1890048
7384,0.217410147190094,1890304
7385,0.2055845856666565,1890560
7386,0.18364620208740234,1890816
7387,0.20101752877235413,1891072
7388,0.1968953162431717,1891328
7389,0.21305041015148163,1891584
7390,0.2035444676876068,1891840
7391,0.1919078528881073,1892096
7392,0.20238137245178223,1892352
7393,0.20536638796329498,1892608
7394,0.19154801964759827,1892864
7395,0.20733359456062317,1893120
7396,0.2019902616739273,1893376
7397,0.19138741493225098,1893632
7398,0.21730777621269226,1893888
7399,0.1956179141998291,1894144
7400,0.2004915475845337,1894400
7401,0.19600313901901245,1894656
7402,0.2040361911058426,1894912
7403,0.18870104849338531,1895168
7404,0.19947902858257294,1895424
7405,0.1871958076953888,1895680
7406,0.21916034817695618,1895936
7407,0.19790799915790558,1896192
7408,0.20414568483829498,1896448
7409,0.211124449968338,1896704
7410,0.19956356287002563,1896960
7411,0.21006569266319275,1897216
7412,0.20919206738471985,1897472
7413,0.20129495859146118,1897728
7414,0.20384635031223297,1897984
7415,0.2021578997373581,1898240
7416,0.19500991702079773,1898496
7417,0.21330806612968445,1898752
7418,0.19376076757907867,1899008
7419,0.19589176774024963,1899264
7420,0.2023007720708847,1899520
7421,0.2052907645702362,1899776
7422,0.21687746047973633,1900032
7423,0.1861116737127304,1900288
7424,0.2167968451976776,1900544
7425,0.20728488266468048,1900800
7426,0.19886833429336548,1901056
7427,0.19856317341327667,1901312
7428,0.2023751586675644,1901568
7429,0.2062360644340515,1901824
7430,0.19517715275287628,1902080
7431,0.20498427748680115,1902336
7432,0.21304742991924286,1902592
7433,0.2056569904088974,1902848
7434,0.20424440503120422,1903104
7435,0.20608216524124146,1903360
7436,0.19749952852725983,1903616
7437,0.20149023830890656,1903872
7438,0.19459514319896698,1904128
7439,0.20303422212600708,1904384
7440,0.19820410013198853,1904640
7441,0.19935083389282227,1904896
7442,0.19141042232513428,1905152
7443,0.2051466554403305,1905408
7444,0.20646460354328156,1905664
7445,0.20559027791023254,1905920
7446,0.20088376104831696,1906176
7447,0.19895288348197937,1906432
7448,0.19484670460224152,1906688
7449,0.19386586546897888,1906944
7450,0.20931938290596008,1907200
7451,0.21508802473545074,1907456
7452,0.19895491003990173,1907712
7453,0.20805934071540833,1907968
7454,0.21611882746219635,1908224
7455,0.20647048950195312,1908480
7456,0.20364564657211304,1908736
7457,0.19006231427192688,1908992
7458,0.18741725385189056,1909248
7459,0.19870451092720032,1909504
7460,0.19482967257499695,1909760
7461,0.1971280723810196,1910016
7462,0.2004048377275467,1910272
7463,0.20264674723148346,1910528
7464,0.17829300463199615,1910784
7465,0.1880376785993576,1911040
7466,0.1958044469356537,1911296
7467,0.2025335282087326,1911552
7468,0.20266865193843842,1911808
7469,0.20133180916309357,1912064
7470,0.2047068327665329,1912320
7471,0.20397889614105225,1912576
7472,0.198557510972023,1912832
7473,0.21101367473602295,1913088
7474,0.1997227668762207,1913344
7475,0.2069367915391922,1913600
7476,0.18494270741939545,1913856
7477,0.18224699795246124,1914112
7478,0.20091892778873444,1914368
7479,0.17828650772571564,1914624
7480,0.1966666728258133,1914880
7481,0.20072156190872192,1915136
7482,0.20868225395679474,1915392
7483,0.1903103142976761,1915648
7484,0.19912117719650269,1915904
7485,0.20368759334087372,1916160
7486,0.18782682716846466,1916416
7487,0.18663571774959564,1916672
7488,0.19895179569721222,1916928
7489,0.21357381343841553,1917184
7490,0.19753888249397278,1917440
7491,0.19832156598567963,1917696
7492,0.19491815567016602,1917952
7493,0.2025246024131775,1918208
7494,0.1815769076347351,1918464
7495,0.1915823221206665,1918720
7496,0.20342954993247986,1918976
7497,0.2001965343952179,1919232
7498,0.19654914736747742,1919488
7499,0.19936957955360413,1919744
7500,0.20259220898151398,1920000
7501,0.1992262303829193,1920256
7502,0.20529092848300934,1920512
7503,0.21599817276000977,1920768
7504,0.20633742213249207,1921024
7505,0.20688971877098083,1921280
7506,0.19835180044174194,1921536
7507,0.20330595970153809,1921792
7508,0.19530120491981506,1922048
7509,0.215049609541893,1922304
7510,0.2156601846218109,1922560
7511,0.19978219270706177,1922816
7512,0.20206263661384583,1923072
7513,0.20047900080680847,1923328
7514,0.20108959078788757,1923584
7515,0.20040741562843323,1923840
7516,0.19728343188762665,1924096
7517,0.19909808039665222,1924352
7518,0.1837589591741562,1924608
7519,0.2000187337398529,1924864
7520,0.1955258995294571,1925120
7521,0.18071702122688293,1925376
7522,0.19638802111148834,1925632
7523,0.20416465401649475,1925888
7524,0.20158706605434418,1926144
7525,0.20009422302246094,1926400
7526,0.20769086480140686,1926656
7527,0.20787230134010315,1926912
7528,0.19865435361862183,1927168
7529,0.2051222324371338,1927424
7530,0.1982545107603073,1927680
7531,0.19479872286319733,1927936
7532,0.19877268373966217,1928192
7533,0.20458650588989258,1928448
7534,0.2010372132062912,1928704
7535,0.1918732076883316,1928960
7536,0.19748078286647797,1929216
7537,0.20414146780967712,1929472
7538,0.20152738690376282,1929728
7539,0.19555304944515228,1929984
7540,0.1951766014099121,1930240
7541,0.19801822304725647,1930496
7542,0.19637277722358704,1930752
7543,0.2030390202999115,1931008
7544,0.19025574624538422,1931264
7545,0.19116446375846863,1931520
7546,0.20365914702415466,1931776
7547,0.19151878356933594,1932032
7548,0.2089298963546753,1932288
7549,0.189716175198555,1932544
7550,0.19545383751392365,1932800
7551,0.20855851471424103,1933056
7552,0.1975560486316681,1933312
7553,0.19811950623989105,1933568
7554,0.21304990351200104,1933824
7555,0.20408223569393158,1934080
7556,0.19675040245056152,1934336
7557,0.19430723786354065,1934592
7558,0.2004701942205429,1934848
7559,0.19752593338489532,1935104
7560,0.20142023265361786,1935360
7561,0.19383834302425385,1935616
7562,0.19150127470493317,1935872
7563,0.18984325230121613,1936128
7564,0.1944587677717209,1936384
7565,0.20452946424484253,1936640
7566,0.18970754742622375,1936896
7567,0.19136986136436462,1937152
7568,0.2043498456478119,1937408
7569,0.19678789377212524,1937664
7570,0.20252326130867004,1937920
7571,0.20432132482528687,1938176
7572,0.19783464074134827,1938432
7573,0.20122674107551575,1938688
7574,0.1968853771686554,1938944
7575,0.20100535452365875,1939200
7576,0.19459427893161774,1939456
7577,0.19959649443626404,1939712
7578,0.19331778585910797,1939968
7579,0.2082541584968567,1940224
7580,0.19812846183776855,1940480
7581,0.20143599808216095,1940736
7582,0.20061641931533813,1940992
7583,0.19745850563049316,1941248
7584,0.19893966615200043,1941504
7585,0.20953015983104706,1941760
7586,0.20075100660324097,1942016
7587,0.19660504162311554,1942272
7588,0.21144792437553406,1942528
7589,0.20500656962394714,1942784
7590,0.19609679281711578,1943040
7591,0.17927038669586182,1943296
7592,0.19672837853431702,1943552
7593,0.198794424533844,1943808
7594,0.19809094071388245,1944064
7595,0.19634053111076355,1944320
7596,0.19809578359127045,1944576
7597,0.19724850356578827,1944832
7598,0.1857459545135498,1945088
7599,0.20062249898910522,1945344
7600,0.20438630878925323,1945600
7601,0.1971624344587326,1945856
7602,0.1906176507472992,1946112
7603,0.19163431227207184,1946368
7604,0.20170046389102936,1946624
7605,0.1968538463115692,1946880
7606,0.20035432279109955,1947136
7607,0.1975986361503601,1947392
7608,0.19216173887252808,1947648
7609,0.19150125980377197,1947904
7610,0.2029760628938675,1948160
7611,0.1917974352836609,1948416
7612,0.203800231218338,1948672
7613,0.20867615938186646,1948928
7614,0.20617258548736572,1949184
7615,0.19000022113323212,1949440
7616,0.18521228432655334,1949696
7617,0.19653892517089844,1949952
7618,0.18541927635669708,1950208
7619,0.2067430317401886,1950464
7620,0.21099123358726501,1950720
7621,0.214386448264122,1950976
7622,0.19784967601299286,1951232
7623,0.1915460228919983,1951488
7624,0.20397725701332092,1951744
7625,0.20007926225662231,1952000
7626,0.20432360470294952,1952256
7627,0.19932161271572113,1952512
7628,0.2027287483215332,1952768
7629,0.19668565690517426,1953024
7630,0.18892565369606018,1953280
7631,0.1923927217721939,1953536
7632,0.19994962215423584,1953792
7633,0.2051776945590973,1954048
7634,0.212178036570549,1954304
7635,0.19273227453231812,1954560
7636,0.20421385765075684,1954816
7637,0.20452286303043365,1955072
7638,0.21186275780200958,1955328
7639,0.19980570673942566,1955584
7640,0.19619086384773254,1955840
7641,0.200481116771698,1956096
7642,0.19439302384853363,1956352
7643,0.20209474861621857,1956608
7644,0.1892562359571457,1956864
7645,0.20507211983203888,1957120
7646,0.2155667394399643,1957376
7647,0.21075773239135742,1957632
7648,0.19325213134288788,1957888
7649,0.19424572587013245,1958144
7650,0.1931200921535492,1958400
7651,0.21080082654953003,1958656
7652,0.19502289593219757,1958912
7653,0.1972574144601822,1959168
7654,0.19947007298469543,1959424
7655,0.20302937924861908,1959680
7656,0.20258013904094696,1959936
7657,0.20905038714408875,1960192
7658,0.2023962289094925,1960448
7659,0.19858449697494507,1960704
7660,0.20203816890716553,1960960
7661,0.20836742222309113,1961216
7662,0.1994732767343521,1961472
7663,0.1986612230539322,1961728
7664,0.21762098371982574,1961984
7665,0.20066529512405396,1962240
7666,0.19017817080020905,1962496
7667,0.20470497012138367,1962752
7668,0.194832444190979,1963008
7669,0.19496864080429077,1963264
7670,0.21425901353359222,1963520
7671,0.20322389900684357,1963776
7672,0.21181239187717438,1964032
7673,0.19084958732128143,1964288
7674,0.19242574274539948,1964544
7675,0.2012528032064438,1964800
7676,0.2051301896572113,1965056
7677,0.2099185734987259,1965312
7678,0.2166232317686081,1965568
7679,0.2108520269393921,1965824
7680,0.19926005601882935,1966080
7681,0.21497149765491486,1966336
7682,0.20394957065582275,1966592
7683,0.19125477969646454,1966848
7684,0.19028347730636597,1967104
7685,0.19767241179943085,1967360
7686,0.19284044206142426,1967616
7687,0.19159765541553497,1967872
7688,0.18938909471035004,1968128
7689,0.2007586508989334,1968384
7690,0.19659732282161713,1968640
7691,0.1991022378206253,1968896
7692,0.19668824970722198,1969152
7693,0.20271071791648865,1969408
7694,0.19859039783477783,1969664
7695,0.19582806527614594,1969920
7696,0.19730211794376373,1970176
7697,0.19678831100463867,1970432
7698,0.20298954844474792,1970688
7699,0.21338070929050446,1970944
7700,0.20186755061149597,1971200
7701,0.20322008430957794,1971456
7702,0.19828376173973083,1971712
7703,0.194844588637352,1971968
7704,0.19662435352802277,1972224
7705,0.19962093234062195,1972480
7706,0.21412606537342072,1972736
7707,0.19105978310108185,1972992
7708,0.20789119601249695,1973248
7709,0.20153401792049408,1973504
7710,0.20504049956798553,1973760
7711,0.20371371507644653,1974016
7712,0.21180757880210876,1974272
7713,0.2017904818058014,1974528
7714,0.21331077814102173,1974784
7715,0.20066316425800323,1975040
7716,0.19774794578552246,1975296
7717,0.20721004903316498,1975552
7718,0.18016816675662994,1975808
7719,0.2009655237197876,1976064
7720,0.20212474465370178,1976320
7721,0.18662811815738678,1976576
7722,0.20260082185268402,1976832
7723,0.19948576390743256,1977088
7724,0.20104290544986725,1977344
7725,0.19019238650798798,1977600
7726,0.19823895394802094,1977856
7727,0.21060115098953247,1978112
7728,0.18585500121116638,1978368
7729,0.19963106513023376,1978624
7730,0.19485007226467133,1978880
7731,0.21042433381080627,1979136
7732,0.2065582275390625,1979392
7733,0.2008853405714035,1979648
7734,0.1964147388935089,1979904
7735,0.17772430181503296,1980160
7736,0.195952370762825,1980416
7737,0.2123810052871704,1980672
7738,0.19137069582939148,1980928
7739,0.2100614756345749,1981184
7740,0.19799789786338806,1981440
7741,0.17940492928028107,1981696
7742,0.1918247640132904,1981952
7743,0.2111828774213791,1982208
7744,0.20010709762573242,1982464
7745,0.1951485425233841,1982720
7746,0.19263459742069244,1982976
7747,0.19823235273361206,1983232
7748,0.18876345455646515,1983488
7749,0.19804422557353973,1983744
7750,0.2038705199956894,1984000
7751,0.2000996321439743,1984256
7752,0.19724346697330475,1984512
7753,0.2035113275051117,1984768
7754,0.2149873822927475,1985024
7755,0.20930619537830353,1985280
7756,0.17423753440380096,1985536
7757,0.2144872099161148,1985792
7758,0.20814481377601624,1986048
7759,0.21070334315299988,1986304
7760,0.1893198937177658,1986560
7761,0.20051434636116028,1986816
7762,0.2122119814157486,1987072
7763,0.2045280933380127,1987328
7764,0.19739170372486115,1987584
7765,0.20014718174934387,1987840
7766,0.20664843916893005,1988096
7767,0.20144563913345337,1988352
7768,0.18909044563770294,1988608
7769,0.19973504543304443,1988864
7770,0.19070746004581451,1989120
7771,0.2093486487865448,1989376
7772,0.20488715171813965,1989632
7773,0.21134424209594727,1989888
7774,0.19963885843753815,1990144
7775,0.1909777820110321,1990400
7776,0.206893652677536,1990656
7777,0.2093217521905899,1990912
7778,0.20192980766296387,1991168
7779,0.1895524561405182,1991424
7780,0.20480658113956451,1991680
7781,0.191318079829216,1991936
7782,0.19379062950611115,1992192
7783,0.20455628633499146,1992448
7784,0.21436025202274323,1992704
7785,0.1958826631307602,1992960
7786,0.2021877020597458,1993216
7787,0.20172864198684692,1993472
7788,0.20716439187526703,1993728
7789,0.19264757633209229,1993984
7790,0.19610902667045593,1994240
7791,0.1996319442987442,1994496
7792,0.2000996619462967,1994752
7793,0.20539793372154236,1995008
7794,0.1898927241563797,1995264
7795,0.1828896850347519,1995520
7796,0.18514664471149445,1995776
7797,0.18862973153591156,1996032
7798,0.19453267753124237,1996288
7799,0.1869155615568161,1996544
7800,0.18958014249801636,1996800
7801,0.195867657661438,1997056
7802,0.20569081604480743,1997312
7803,0.18640755116939545,1997568
7804,0.20277492702007294,1997824
7805,0.1884521245956421,1998080
7806,0.22459372878074646,1998336
7807,0.21007727086544037,1998592
7808,0.18531520664691925,1998848
7809,0.20338572561740875,1999104
7810,0.19866546988487244,1999360
7811,0.2102716863155365,1999616
7812,0.2054821103811264,1999872
7813,0.21797528862953186,2000128
7814,0.19718199968338013,2000384
7815,0.1955265998840332,2000640
7816,0.2079257071018219,2000896
7817,0.21168851852416992,2001152
7818,0.2009715884923935,2001408
7819,0.19896633923053741,2001664
7820,0.20387296378612518,2001920
7821,0.19514192640781403,2002176
7822,0.1980876624584198,2002432
7823,0.1985967606306076,2002688
7824,0.2001744508743286,2002944
7825,0.19764749705791473,2003200
7826,0.20718634128570557,2003456
7827,0.200353741645813,2003712
7828,0.19781047105789185,2003968
7829,0.1936652660369873,2004224
7830,0.18689468502998352,2004480
7831,0.19449672102928162,2004736
7832,0.2071923017501831,2004992
7833,0.204545795917511,2005248
7834,0.18470533192157745,2005504
7835,0.21203553676605225,2005760
7836,0.19503194093704224,2006016
7837,0.19289541244506836,2006272
7838,0.1923525035381317,2006528
7839,0.1939823180437088,2006784
7840,0.20723475515842438,2007040
7841,0.19525288045406342,2007296
7842,0.19559715688228607,2007552
7843,0.18938061594963074,2007808
7844,0.19478058815002441,2008064
7845,0.204925075173378,2008320
7846,0.20104189217090607,2008576
7847,0.19470423460006714,2008832
7848,0.20133885741233826,2009088
7849,0.2043355256319046,2009344
7850,0.20396260917186737,2009600
7851,0.19237013161182404,2009856
7852,0.17553508281707764,2010112
7853,0.19510863721370697,2010368
7854,0.21165357530117035,2010624
7855,0.19124431908130646,2010880
7856,0.2034277319908142,2011136
7857,0.19896773993968964,2011392
7858,0.18861009180545807,2011648
7859,0.20656535029411316,2011904
7860,0.18958888947963715,2012160
7861,0.20507876574993134,2012416
7862,0.19117587804794312,2012672
7863,0.20376229286193848,2012928
7864,0.20538975298404694,2013184
7865,0.21320898830890656,2013440
7866,0.208517387509346,2013696
7867,0.20483702421188354,2013952
7868,0.20772190392017365,2014208
7869,0.1992681622505188,2014464
7870,0.18145743012428284,2014720
7871,0.19371333718299866,2014976
7872,0.20053532719612122,2015232
7873,0.21286077797412872,2015488
7874,0.20069316029548645,2015744
7875,0.2068854719400406,2016000
7876,0.21065880358219147,2016256
7877,0.19130218029022217,2016512
7878,0.21145585179328918,2016768
7879,0.19991245865821838,2017024
7880,0.1966727375984192,2017280
7881,0.20001806318759918,2017536
7882,0.19434015452861786,2017792
7883,0.19559283554553986,2018048
7884,0.20107963681221008,2018304
7885,0.20789287984371185,2018560
7886,0.19878894090652466,2018816
7887,0.18235549330711365,2019072
7888,0.2089519053697586,2019328
7889,0.20381547510623932,2019584
7890,0.20780715346336365,2019840
7891,0.1977752149105072,2020096
7892,0.20080897212028503,2020352
7893,0.2137768417596817,2020608
7894,0.19112171232700348,2020864
7895,0.20560172200202942,2021120
7896,0.2066410779953003,2021376
7897,0.20349358022212982,2021632
7898,0.19399356842041016,2021888
7899,0.20236872136592865,2022144
7900,0.19154612720012665,2022400
7901,0.20442911982536316,2022656
7902,0.19874662160873413,2022912
7903,0.2047126293182373,2023168
7904,0.20216113328933716,2023424
7905,0.19933992624282837,2023680
7906,0.18907631933689117,2023936
7907,0.20883500576019287,2024192
7908,0.20146983861923218,2024448
7909,0.1986265480518341,2024704
7910,0.1998053342103958,2024960
7911,0.20164184272289276,2025216
7912,0.2028731256723404,2025472
7913,0.21676406264305115,2025728
7914,0.2124018520116806,2025984
7915,0.19233828783035278,2026240
7916,0.19802147150039673,2026496
7917,0.20071189105510712,2026752
7918,0.20074443519115448,2027008
7919,0.20123375952243805,2027264
7920,0.22612617909908295,2027520
7921,0.2121344655752182,2027776
7922,0.20961256325244904,2028032
7923,0.19653654098510742,2028288
7924,0.1946641206741333,2028544
7925,0.19554150104522705,2028800
7926,0.19400660693645477,2029056
7927,0.18740171194076538,2029312
7928,0.21117334067821503,2029568
7929,0.18983203172683716,2029824
7930,0.20471495389938354,2030080
7931,0.20892225205898285,2030336
7932,0.1967395693063736,2030592
7933,0.18729083240032196,2030848
7934,0.1739092916250229,2031104
7935,0.19601893424987793,2031360
7936,0.20998112857341766,2031616
7937,0.18768589198589325,2031872
7938,0.19888029992580414,2032128
7939,0.21195568144321442,2032384
7940,0.19532231986522675,2032640
7941,0.20720988512039185,2032896
7942,0.19729268550872803,2033152
7943,0.19393374025821686,2033408
7944,0.2094237208366394,2033664
7945,0.19857001304626465,2033920
7946,0.19682784378528595,2034176
7947,0.1973535120487213,2034432
7948,0.1909753382205963,2034688
7949,0.21774722635746002,2034944
7950,0.20299294590950012,2035200
7951,0.19679641723632812,2035456
7952,0.2011886090040207,2035712
7953,0.1964349001646042,2035968
7954,0.19260521233081818,2036224
7955,0.19604964554309845,2036480
7956,0.1891518384218216,2036736
7957,0.21521219611167908,2036992
7958,0.205336332321167,2037248
7959,0.20573073625564575,2037504
7960,0.19906553626060486,2037760
7961,0.20924782752990723,2038016
7962,0.18627700209617615,2038272
7963,0.20670673251152039,2038528
7964,0.1999984234571457,2038784
7965,0.20154406130313873,2039040
7966,0.18082083761692047,2039296
7967,0.1741749346256256,2039552
7968,0.19907088577747345,2039808
7969,0.19016709923744202,2040064
7970,0.20122958719730377,2040320
7971,0.1761239618062973,2040576
7972,0.20325742661952972,2040832
7973,0.2018657773733139,2041088
7974,0.20662200450897217,2041344
7975,0.19076666235923767,2041600
7976,0.18703369796276093,2041856
7977,0.19128677248954773,2042112
7978,0.190248504281044,2042368
7979,0.2051776945590973,2042624
7980,0.2026108205318451,2042880
7981,0.19888350367546082,2043136
7982,0.20490144193172455,2043392
7983,0.2070247381925583,2043648
7984,0.20897532999515533,2043904
7985,0.18510659039020538,2044160
7986,0.19628015160560608,2044416
7987,0.1882150024175644,2044672
7988,0.20517897605895996,2044928
7989,0.20591303706169128,2045184
7990,0.21079222857952118,2045440
7991,0.18819190561771393,2045696
7992,0.20874473452568054,2045952
7993,0.20266568660736084,2046208
7994,0.20684920251369476,2046464
7995,0.1874435693025589,2046720
7996,0.20290185511112213,2046976
7997,0.18836721777915955,2047232
7998,0.19395197927951813,2047488
7999,0.19717685878276825,2047744
8000,0.19454613327980042,2048000
8001,0.20230436325073242,2048256
8002,0.19090498983860016,2048512
8003,0.2031378149986267,2048768
8004,0.20253106951713562,2049024
8005,0.1971851885318756,2049280
8006,0.18285828828811646,2049536
8007,0.18902017176151276,2049792
8008,0.2005513608455658,2050048
8009,0.1892615407705307,2050304
8010,0.18688282370567322,2050560
8011,0.19581285119056702,2050816
8012,0.20267435908317566,2051072
8013,0.20218275487422943,2051328
8014,0.20195354521274567,2051584
8015,0.18945136666297913,2051840
8016,0.2063167244195938,2052096
8017,0.2048947662115097,2052352
8018,0.1972314417362213,2052608
8019,0.18442294001579285,2052864
8020,0.20999270677566528,2053120
8021,0.20684057474136353,2053376
8022,0.20188255608081818,2053632
8023,0.2008737176656723,2053888
8024,0.19582635164260864,2054144
8025,0.20089265704154968,2054400
8026,0.2102579027414322,2054656
8027,0.19293326139450073,2054912
8028,0.19666892290115356,2055168
8029,0.2040582299232483,2055424
8030,0.19246311485767365,2055680
8031,0.19232025742530823,2055936
8032,0.1869991421699524,2056192
8033,0.21334461867809296,2056448
8034,0.20185604691505432,2056704
8035,0.21321594715118408,2056960
8036,0.20273424685001373,2057216
8037,0.21307656168937683,2057472
8038,0.1944330483675003,2057728
8039,0.18810692429542542,2057984
8040,0.19268512725830078,2058240
8041,0.18336710333824158,2058496
8042,0.185038760304451,2058752
8043,0.20858170092105865,2059008
8044,0.2128562480211258,2059264
8045,0.19629503786563873,2059520
8046,0.19814923405647278,2059776
8047,0.20393776893615723,2060032
8048,0.19159972667694092,2060288
8049,0.2044093757867813,2060544
8050,0.20081903040409088,2060800
8051,0.20518998801708221,2061056
8052,0.19901129603385925,2061312
8053,0.19044716656208038,2061568
8054,0.18459565937519073,2061824
8055,0.20917874574661255,2062080
8056,0.18979766964912415,2062336
8057,0.20285409688949585,2062592
8058,0.19008883833885193,2062848
8059,0.19779281318187714,2063104
8060,0.20009586215019226,2063360
8061,0.17741361260414124,2063616
8062,0.19743487238883972,2063872
8063,0.19843147695064545,2064128
8064,0.2082546353340149,2064384
8065,0.1886548101902008,2064640
8066,0.19346342980861664,2064896
8067,0.1945415586233139,2065152
8068,0.19821655750274658,2065408
8069,0.19876132905483246,2065664
8070,0.18854567408561707,2065920
8071,0.19399040937423706,2066176
8072,0.2053840011358261,2066432
8073,0.1952897161245346,2066688
8074,0.19504620134830475,2066944
8075,0.1952652931213379,2067200
8076,0.19787819683551788,2067456
8077,0.19878005981445312,2067712
8078,0.19288980960845947,2067968
8079,0.20492717623710632,2068224
8080,0.2024390548467636,2068480
8081,0.20527176558971405,2068736
8082,0.20926548540592194,2068992
8083,0.20502574741840363,2069248
8084,0.21047072112560272,2069504
8085,0.19619391858577728,2069760
8086,0.19074903428554535,2070016
8087,0.19489628076553345,2070272
8088,0.19652031362056732,2070528
8089,0.19060519337654114,2070784
8090,0.19935034215450287,2071040
8091,0.2023502141237259,2071296
8092,0.19458602368831635,2071552
8093,0.19823408126831055,2071808
8094,0.19146466255187988,2072064
8095,0.20068135857582092,2072320
8096,0.18940871953964233,2072576
8097,0.1954185515642166,2072832
8098,0.20310711860656738,2073088
8099,0.19741618633270264,2073344
8100,0.19160282611846924,2073600
8101,0.191508486866951,2073856
8102,0.20546384155750275,2074112
8103,0.18983310461044312,2074368
8104,0.20226219296455383,2074624
8105,0.19742439687252045,2074880
8106,0.2044554501771927,2075136
8107,0.18649694323539734,2075392
8108,0.2095729559659958,2075648
8109,0.20878465473651886,2075904
8110,0.19594314694404602,2076160
8111,0.1958007514476776,2076416
8112,0.20165057480335236,2076672
8113,0.1940598040819168,2076928
8114,0.19559654593467712,2077184
8115,0.1951480656862259,2077440
8116,0.19611003994941711,2077696
8117,0.19606930017471313,2077952
8118,0.19343964755535126,2078208
8119,0.18677358329296112,2078464
8120,0.206569641828537,2078720
8121,0.209771066904068,2078976
8122,0.20069581270217896,2079232
8123,0.19741125404834747,2079488
8124,0.21187783777713776,2079744
8125,0.19294503331184387,2080000
8126,0.19115427136421204,2080256
8127,0.19787836074829102,2080512
8128,0.18461275100708008,2080768
8129,0.19802460074424744,2081024
8130,0.19180326163768768,2081280
8131,0.2069530189037323,2081536
8132,0.2035628855228424,2081792
8133,0.19942447543144226,2082048
8134,0.19089974462985992,2082304
8135,0.18611109256744385,2082560
8136,0.21021433174610138,2082816
8137,0.2049781233072281,2083072
8138,0.2163810282945633,2083328
8139,0.2176632285118103,2083584
8140,0.2111213207244873,2083840
8141,0.20664067566394806,2084096
8142,0.19331000745296478,2084352
8143,0.20509663224220276,2084608
8144,0.1998257339000702,2084864
8145,0.2030259668827057,2085120
8146,0.18715305626392365,2085376
8147,0.19065123796463013,2085632
8148,0.19691525399684906,2085888
8149,0.19359715282917023,2086144
8150,0.20026394724845886,2086400
8151,0.19894695281982422,2086656
8152,0.19453512132167816,2086912
8153,0.19357164204120636,2087168
8154,0.21422484517097473,2087424
8155,0.2120237499475479,2087680
8156,0.19858209788799286,2087936
8157,0.21481157839298248,2088192
8158,0.18512891232967377,2088448
8159,0.20566320419311523,2088704
8160,0.18992741405963898,2088960
8161,0.19973242282867432,2089216
8162,0.18445004522800446,2089472
8163,0.20228959619998932,2089728
8164,0.1966649442911148,2089984
8165,0.1894882321357727,2090240
8166,0.20858918130397797,2090496
8167,0.20184753835201263,2090752
8168,0.19698213040828705,2091008
8169,0.20866332948207855,2091264
8170,0.18593727052211761,2091520
8171,0.19801197946071625,2091776
8172,0.20515909790992737,2092032
8173,0.2060907781124115,2092288
8174,0.20944805443286896,2092544
8175,0.21085011959075928,2092800
8176,0.19535744190216064,2093056
8177,0.20227043330669403,2093312
8178,0.19403360784053802,2093568
8179,0.18968941271305084,2093824
8180,0.20480404794216156,2094080
8181,0.19139720499515533,2094336
8182,0.20040996372699738,2094592
8183,0.19497531652450562,2094848
8184,0.20582303404808044,2095104
8185,0.20494243502616882,2095360
8186,0.19796079397201538,2095616
8187,0.20877239108085632,2095872
8188,0.20233318209648132,2096128
8189,0.19606760144233704,2096384
8190,0.20206618309020996,2096640
8191,0.20751038193702698,2096896
8192,0.1952306628227234,2097152
8193,0.19506573677062988,2097408
8194,0.1936211884021759,2097664
8195,0.21152928471565247,2097920
8196,0.2103736400604248,2098176
8197,0.20393598079681396,2098432
8198,0.19071337580680847,2098688
8199,0.1957463026046753,2098944
8200,0.20748527348041534,2099200
8201,0.2094224989414215,2099456
8202,0.18446911871433258,2099712
8203,0.20673039555549622,2099968
8204,0.20697878301143646,2100224
8205,0.20495405793190002,2100480
8206,0.1941843330860138,2100736
8207,0.19823618233203888,2100992
8208,0.20058146119117737,2101248
8209,0.1971672773361206,2101504
8210,0.1874326765537262,2101760
8211,0.2083711326122284,2102016
8212,0.191497340798378,2102272
8213,0.18791750073432922,2102528
8214,0.2012091428041458,2102784
8215,0.20163623988628387,2103040
8216,0.211899995803833,2103296
8217,0.2028672695159912,2103552
8218,0.18539093434810638,2103808
8219,0.21072471141815186,2104064
8220,0.1932365745306015,2104320
8221,0.20048585534095764,2104576
8222,0.19742007553577423,2104832
8223,0.21465641260147095,2105088
8224,0.19019222259521484,2105344
8225,0.189802885055542,2105600
8226,0.1789500117301941,2105856
8227,0.18647143244743347,2106112
8228,0.19067424535751343,2106368
8229,0.20038098096847534,2106624
8230,0.1951378583908081,2106880
8231,0.1984756886959076,2107136
8232,0.19149620831012726,2107392
8233,0.20213614404201508,2107648
8234,0.20325589179992676,2107904
8235,0.20807123184204102,2108160
8236,0.21042606234550476,2108416
8237,0.22355172038078308,2108672
8238,0.1986217349767685,2108928
8239,0.18563835322856903,2109184
8240,0.18662108480930328,2109440
8241,0.19725258648395538,2109696
8242,0.21017390489578247,2109952
8243,0.20008960366249084,2110208
8244,0.19905418157577515,2110464
8245,0.19324302673339844,2110720
8246,0.19983889162540436,2110976
8247,0.1934327334165573,2111232
8248,0.2044031023979187,2111488
8249,0.18013645708560944,2111744
8250,0.20217910408973694,2112000
8251,0.19689136743545532,2112256
8252,0.1976022869348526,2112512
8253,0.19363677501678467,2112768
8254,0.20906899869441986,2113024
8255,0.20548157393932343,2113280
8256,0.19788970053195953,2113536
8257,0.18888291716575623,2113792
8258,0.19096896052360535,2114048
8259,0.19590206444263458,2114304
8260,0.20703303813934326,2114560
8261,0.1980195790529251,2114816
8262,0.19413374364376068,2115072
8263,0.2011357545852661,2115328
8264,0.20385287702083588,2115584
8265,0.1924629956483841,2115840
8266,0.18566863238811493,2116096
8267,0.19977782666683197,2116352
8268,0.19123396277427673,2116608
8269,0.19414068758487701,2116864
8270,0.19344469904899597,2117120
8271,0.2009270340204239,2117376
8272,0.19075259566307068,2117632
8273,0.1944415122270584,2117888
8274,0.19234275817871094,2118144
8275,0.19203318655490875,2118400
8276,0.19569627940654755,2118656
8277,0.20075201988220215,2118912
8278,0.20612820982933044,2119168
8279,0.1997850090265274,2119424
8280,0.20503291487693787,2119680
8281,0.19393040239810944,2119936
8282,0.19176919758319855,2120192
8283,0.20355211198329926,2120448
8284,0.1935896873474121,2120704
8285,0.2071305364370346,2120960
8286,0.1938837170600891,2121216
8287,0.21059943735599518,2121472
8288,0.1930103749036789,2121728
8289,0.19110007584095,2121984
8290,0.19930368661880493,2122240
8291,0.22535738348960876,2122496
8292,0.1963832825422287,2122752
8293,0.20582720637321472,2123008
8294,0.19386756420135498,2123264
8295,0.20091040432453156,2123520
8296,0.20414698123931885,2123776
8297,0.19899971783161163,2124032
8298,0.19277553260326385,2124288
8299,0.20547500252723694,2124544
8300,0.19689418375492096,2124800
8301,0.21241621673107147,2125056
8302,0.1949303150177002,2125312
8303,0.20666052401065826,2125568
8304,0.18420732021331787,2125824
8305,0.20654414594173431,2126080
8306,0.21217861771583557,2126336
8307,0.21254093945026398,2126592
8308,0.1870260089635849,2126848
8309,0.1948622167110443,2127104
8310,0.20987489819526672,2127360
8311,0.21354833245277405,2127616
8312,0.18725569546222687,2127872
8313,0.20072059333324432,2128128
8314,0.21056625247001648,2128384
8315,0.17019601166248322,2128640
8316,0.21397081017494202,2128896
8317,0.18446941673755646,2129152
8318,0.17532414197921753,2129408
8319,0.19249476492404938,2129664
8320,0.20458000898361206,2129920
8321,0.2054651528596878,2130176
8322,0.19105340540409088,2130432
8323,0.194078266620636,2130688
8324,0.1990383267402649,2130944
8325,0.1972518116235733,2131200
8326,0.20121127367019653,2131456
8327,0.2052309662103653,2131712
8328,0.19687750935554504,2131968
8329,0.20973891019821167,2132224
8330,0.19418783485889435,2132480
8331,0.18414771556854248,2132736
8332,0.2021043300628662,2132992
8333,0.20436379313468933,2133248
8334,0.1879970282316208,2133504
8335,0.20034579932689667,2133760
8336,0.20510448515415192,2134016
8337,0.20625315606594086,2134272
8338,0.1786373257637024,2134528
8339,0.20145078003406525,2134784
8340,0.2115606665611267,2135040
8341,0.18997153639793396,2135296
8342,0.1936989426612854,2135552
8343,0.18460309505462646,2135808
8344,0.2023637294769287,2136064
8345,0.19758568704128265,2136320
8346,0.18822404742240906,2136576
8347,0.20606018602848053,2136832
8348,0.18994785845279694,2137088
8349,0.20796801149845123,2137344
8350,0.2231697142124176,2137600
8351,0.19693884253501892,2137856
8352,0.1948908120393753,2138112
8353,0.2055637687444687,2138368
8354,0.2016485184431076,2138624
8355,0.19921915233135223,2138880
8356,0.1946590393781662,2139136
8357,0.198801189661026,2139392
8358,0.20074462890625,2139648
8359,0.1894683539867401,2139904
8360,0.18740549683570862,2140160
8361,0.18583279848098755,2140416
8362,0.20169207453727722,2140672
8363,0.19260700047016144,2140928
8364,0.20069564878940582,2141184
8365,0.18828675150871277,2141440
8366,0.18500186502933502,2141696
8367,0.19539381563663483,2141952
8368,0.19929708540439606,2142208
8369,0.19400855898857117,2142464
8370,0.19386078417301178,2142720
8371,0.20928004384040833,2142976
8372,0.20510874688625336,2143232
8373,0.21409662067890167,2143488
8374,0.19908450543880463,2143744
8375,0.19037562608718872,2144000
8376,0.20521782338619232,2144256
8377,0.19782443344593048,2144512
8378,0.2025204300880432,2144768
8379,0.2042086124420166,2145024
8380,0.19388602674007416,2145280
8381,0.20067904889583588,2145536
8382,0.18869975209236145,2145792
8383,0.20555607974529266,2146048
8384,0.20802277326583862,2146304
8385,0.19363413751125336,2146560
8386,0.19296236336231232,2146816
8387,0.19977901875972748,2147072
8388,0.2021072506904602,2147328
8389,0.20547226071357727,2147584
8390,0.20096242427825928,2147840
8391,0.19845817983150482,2148096
8392,0.20578426122665405,2148352
8393,0.17561915516853333,2148608
8394,0.18907080590724945,2148864
8395,0.19062355160713196,2149120
8396,0.21081647276878357,2149376
8397,0.1949107050895691,2149632
8398,0.18741357326507568,2149888
8399,0.1890435516834259,2150144
8400,0.20025257766246796,2150400
8401,0.21647539734840393,2150656
8402,0.20144259929656982,2150912
8403,0.19977104663848877,2151168
8404,0.20077773928642273,2151424
8405,0.20421558618545532,2151680
8406,0.205306738615036,2151936
8407,0.2097005397081375,2152192
8408,0.1882701814174652,2152448
8409,0.1914883852005005,2152704
8410,0.19973020255565643,2152960
8411,0.21301069855690002,2153216
8412,0.191799134016037,2153472
8413,0.19568102061748505,2153728
8414,0.20233331620693207,2153984
8415,0.19895519316196442,2154240
8416,0.18880712985992432,2154496
8417,0.20629285275936127,2154752
8418,0.19312427937984467,2155008
8419,0.18996720016002655,2155264
8420,0.19663575291633606,2155520
8421,0.20031572878360748,2155776
8422,0.19414649903774261,2156032
8423,0.2001153528690338,2156288
8424,0.18915553390979767,2156544
8425,0.17889153957366943,2156800
8426,0.2082885056734085,2157056
8427,0.20992691814899445,2157312
8428,0.20310580730438232,2157568
8429,0.195274218916893,2157824
8430,0.20150209963321686,2158080
8431,0.18623821437358856,2158336
8432,0.19212214648723602,2158592
8433,0.20149564743041992,2158848
8434,0.1831381916999817,2159104
8435,0.18787968158721924,2159360
8436,0.19259218871593475,2159616
8437,0.1927919089794159,2159872
8438,0.19595147669315338,2160128
8439,0.20153136551380157,2160384
8440,0.1874484270811081,2160640
8441,0.19539698958396912,2160896
8442,0.18880903720855713,2161152
8443,0.20436066389083862,2161408
8444,0.18361610174179077,2161664
8445,0.19488824903964996,2161920
8446,0.1997283697128296,2162176
8447,0.20885132253170013,2162432
8448,0.21477411687374115,2162688
8449,0.19709885120391846,2162944
8450,0.19694815576076508,2163200
8451,0.1927739381790161,2163456
8452,0.1961953043937683,2163712
8453,0.18640927970409393,2163968
8454,0.19337467849254608,2164224
8455,0.18736323714256287,2164480
8456,0.19016866385936737,2164736
8457,0.19845780730247498,2164992
8458,0.20718014240264893,2165248
8459,0.18075673282146454,2165504
8460,0.18713152408599854,2165760
8461,0.20022167265415192,2166016
8462,0.1962326169013977,2166272
8463,0.20441216230392456,2166528
8464,0.20180590450763702,2166784
8465,0.20208026468753815,2167040
8466,0.20244812965393066,2167296
8467,0.19312609732151031,2167552
8468,0.19704198837280273,2167808
8469,0.20875591039657593,2168064
8470,0.19669291377067566,2168320
8471,0.20905664563179016,2168576
8472,0.21320831775665283,2168832
8473,0.18451081216335297,2169088
8474,0.20453983545303345,2169344
8475,0.2026086449623108,2169600
8476,0.20639072358608246,2169856
8477,0.20713956654071808,2170112
8478,0.17990680038928986,2170368
8479,0.1938347965478897,2170624
8480,0.20176954567432404,2170880
8481,0.18972083926200867,2171136
8482,0.21056902408599854,2171392
8483,0.1968100368976593,2171648
8484,0.19790130853652954,2171904
8485,0.19606932997703552,2172160
8486,0.2115924060344696,2172416
8487,0.19345183670520782,2172672
8488,0.1985345184803009,2172928
8489,0.19746847450733185,2173184
8490,0.18979176878929138,2173440
8491,0.20321735739707947,2173696
8492,0.19898073375225067,2173952
8493,0.19731424748897552,2174208
8494,0.19203583896160126,2174464
8495,0.19856293499469757,2174720
8496,0.20472335815429688,2174976
8497,0.21236522495746613,2175232
8498,0.1974359154701233,2175488
8499,0.1901676505804062,2175744
8500,0.20716547966003418,2176000
8501,0.21801164746284485,2176256
8502,0.20807012915611267,2176512
8503,0.20617876946926117,2176768
8504,0.19457657635211945,2177024
8505,0.21245521306991577,2177280
8506,0.2019503116607666,2177536
8507,0.19480538368225098,2177792
8508,0.20322199165821075,2178048
8509,0.19979378581047058,2178304
8510,0.20028673112392426,2178560
8511,0.20622768998146057,2178816
8512,0.1990063488483429,2179072
8513,0.1950274258852005,2179328
8514,0.2062697857618332,2179584
8515,0.197881281375885,2179840
8516,0.1967652291059494,2180096
8517,0.19753748178482056,2180352
8518,0.20978668332099915,2180608
8519,0.20979797840118408,2180864
8520,0.1943623274564743,2181120
8521,0.196778804063797,2181376
8522,0.19582538306713104,2181632
8523,0.18941038846969604,2181888
8524,0.20134291052818298,2182144
8525,0.1933227926492691,2182400
8526,0.2043798267841339,2182656
8527,0.2006675750017166,2182912
8528,0.1990915983915329,2183168
8529,0.20697274804115295,2183424
8530,0.1846279352903366,2183680
8531,0.19685737788677216,2183936
8532,0.2011285424232483,2184192
8533,0.19152618944644928,2184448
8534,0.2026616930961609,2184704
8535,0.20964482426643372,2184960
8536,0.1919257491827011,2185216
8537,0.18915101885795593,2185472
8538,0.18947423994541168,2185728
8539,0.19894881546497345,2185984
8540,0.19305960834026337,2186240
8541,0.20916511118412018,2186496
8542,0.2013416737318039,2186752
8543,0.20781581103801727,2187008
8544,0.20582376420497894,2187264
8545,0.2068149447441101,2187520
8546,0.1989467740058899,2187776
8547,0.20433492958545685,2188032
8548,0.2013559341430664,2188288
8549,0.2010228931903839,2188544
8550,0.1861352026462555,2188800
8551,0.1972273588180542,2189056
8552,0.20434987545013428,2189312
8553,0.2020048052072525,2189568
8554,0.18558356165885925,2189824
8555,0.19489485025405884,2190080
8556,0.1867826133966446,2190336
8557,0.20173309743404388,2190592
8558,0.19424782693386078,2190848
8559,0.19854696094989777,2191104
8560,0.19164833426475525,2191360
8561,0.19332684576511383,2191616
8562,0.2048729509115219,2191872
8563,0.21277685463428497,2192128
8564,0.20030397176742554,2192384
8565,0.21135196089744568,2192640
8566,0.20980775356292725,2192896
8567,0.1962563544511795,2193152
8568,0.18191182613372803,2193408
8569,0.1937292367219925,2193664
8570,0.19095848500728607,2193920
8571,0.1953999251127243,2194176
8572,0.19465647637844086,2194432
8573,0.19333308935165405,2194688
8574,0.19238664209842682,2194944
8575,0.19915980100631714,2195200
8576,0.21810637414455414,2195456
8577,0.2012145221233368,2195712
8578,0.1968185156583786,2195968
8579,0.20330627262592316,2196224
8580,0.19483831524848938,2196480
8581,0.18210726976394653,2196736
8582,0.20625713467597961,2196992
8583,0.1942891776561737,2197248
8584,0.1994490772485733,2197504
8585,0.1930360347032547,2197760
8586,0.20299319922924042,2198016
8587,0.2012217789888382,2198272
8588,0.20319294929504395,2198528
8589,0.19958993792533875,2198784
8590,0.1974581629037857,2199040
8591,0.20599670708179474,2199296
8592,0.2031973898410797,2199552
8593,0.1841801553964615,2199808
8594,0.19832821190357208,2200064
8595,0.1989661604166031,2200320
8596,0.1965102106332779,2200576
8597,0.21078285574913025,2200832
8598,0.20081698894500732,2201088
8599,0.19953826069831848,2201344
8600,0.20403486490249634,2201600
8601,0.1875152587890625,2201856
8602,0.2101798802614212,2202112
8603,0.19060850143432617,2202368
8604,0.19952747225761414,2202624
8605,0.20348705351352692,2202880
8606,0.2090260535478592,2203136
8607,0.1952509880065918,2203392
8608,0.20452521741390228,2203648
8609,0.21226176619529724,2203904
8610,0.20546388626098633,2204160
8611,0.19478857517242432,2204416
8612,0.2034526914358139,2204672
8613,0.20508283376693726,2204928
8614,0.19559110701084137,2205184
8615,0.19507615268230438,2205440
8616,0.20092107355594635,2205696
8617,0.20190875232219696,2205952
8618,0.20083335041999817,2206208
8619,0.18969383835792542,2206464
8620,0.20500017702579498,2206720
8621,0.18369068205356598,2206976
8622,0.19198545813560486,2207232
8623,0.1930476874113083,2207488
8624,0.18786023557186127,2207744
8625,0.20423756539821625,2208000
8626,0.19266411662101746,2208256
8627,0.20130617916584015,2208512
8628,0.20281429588794708,2208768
8629,0.19482599198818207,2209024
8630,0.19950811564922333,2209280
8631,0.1732156127691269,2209536
8632,0.20238173007965088,2209792
8633,0.19608893990516663,2210048
8634,0.20721976459026337,2210304
8635,0.19617915153503418,2210560
8636,0.19904188811779022,2210816
8637,0.20354199409484863,2211072
8638,0.19886179268360138,2211328
8639,0.1850498914718628,2211584
8640,0.20356783270835876,2211840
8641,0.1942513883113861,2212096
8642,0.20272479951381683,2212352
8643,0.20858877897262573,2212608
8644,0.20156094431877136,2212864
8645,0.17609591782093048,2213120
8646,0.2019636631011963,2213376
8647,0.1929318606853485,2213632
8648,0.2056047022342682,2213888
8649,0.20633576810359955,2214144
8650,0.20423732697963715,2214400
8651,0.2070772349834442,2214656
8652,0.1975652277469635,2214912
8653,0.20118121802806854,2215168
8654,0.20355945825576782,2215424
8655,0.18970994651317596,2215680
8656,0.19233229756355286,2215936
8657,0.20431075990200043,2216192
8658,0.2047450840473175,2216448
8659,0.202701136469841,2216704
8660,0.20371262729167938,2216960
8661,0.21384157240390778,2217216
8662,0.2119140475988388,2217472
8663,0.20940515398979187,2217728
8664,0.20324358344078064,2217984
8665,0.1917865127325058,2218240
8666,0.19056445360183716,2218496
8667,0.20259782671928406,2218752
8668,0.2106551080942154,2219008
8669,0.19873513281345367,2219264
8670,0.19564272463321686,2219520
8671,0.19611096382141113,2219776
8672,0.1959696263074875,2220032
8673,0.1976965069770813,2220288
8674,0.20499862730503082,2220544
8675,0.19890820980072021,2220800
8676,0.19296875596046448,2221056
8677,0.19878581166267395,2221312
8678,0.20391713082790375,2221568
8679,0.1902187466621399,2221824
8680,0.200502410531044,2222080
8681,0.19687001407146454,2222336
8682,0.19896601140499115,2222592
8683,0.22017566859722137,2222848
8684,0.18449793756008148,2223104
8685,0.19926904141902924,2223360
8686,0.19184769690036774,2223616
8687,0.1885726898908615,2223872
8688,0.19137553870677948,2224128
8689,0.20022033154964447,2224384
8690,0.1959959864616394,2224640
8691,0.19823047518730164,2224896
8692,0.18229539692401886,2225152
8693,0.20120759308338165,2225408
8694,0.1901066154241562,2225664
8695,0.19703689217567444,2225920
8696,0.20011195540428162,2226176
8697,0.20834383368492126,2226432
8698,0.20691968500614166,2226688
8699,0.2062039077281952,2226944
8700,0.20791687071323395,2227200
8701,0.21006248891353607,2227456
8702,0.20430554449558258,2227712
8703,0.20061105489730835,2227968
8704,0.19665300846099854,2228224
8705,0.20075081288814545,2228480
8706,0.1903713196516037,2228736
8707,0.18543343245983124,2228992
8708,0.2044069916009903,2229248
8709,0.18425145745277405,2229504
8710,0.18917140364646912,2229760
8711,0.2040376365184784,2230016
8712,0.2007978856563568,2230272
8713,0.19577379524707794,2230528
8714,0.2103154957294464,2230784
8715,0.18787984549999237,2231040
8716,0.20218825340270996,2231296
8717,0.18461893498897552,2231552
8718,0.19673490524291992,2231808
8719,0.1970076858997345,2232064
8720,0.2007317841053009,2232320
8721,0.20685674250125885,2232576
8722,0.21103882789611816,2232832
8723,0.18694651126861572,2233088
8724,0.19803231954574585,2233344
8725,0.18865108489990234,2233600
8726,0.19257603585720062,2233856
8727,0.20388586819171906,2234112
8728,0.18459896743297577,2234368
8729,0.18944023549556732,2234624
8730,0.1932387799024582,2234880
8731,0.1918480396270752,2235136
8732,0.20420227944850922,2235392
8733,0.19870437681674957,2235648
8734,0.1843089908361435,2235904
8735,0.1887710690498352,2236160
8736,0.20168791711330414,2236416
8737,0.19443954527378082,2236672
8738,0.20196279883384705,2236928
8739,0.19327032566070557,2237184
8740,0.20714567601680756,2237440
8741,0.19961534440517426,2237696
8742,0.2034294754266739,2237952
8743,0.21422895789146423,2238208
8744,0.19624322652816772,2238464
8745,0.19857612252235413,2238720
8746,0.19037748873233795,2238976
8747,0.2121437042951584,2239232
8748,0.20416738092899323,2239488
8749,0.1986915022134781,2239744
8750,0.20784850418567657,2240000
8751,0.1969340741634369,2240256
8752,0.20478932559490204,2240512
8753,0.18953633308410645,2240768
8754,0.20842646062374115,2241024
8755,0.19933441281318665,2241280
8756,0.20582468807697296,2241536
8757,0.19686898589134216,2241792
8758,0.19742587208747864,2242048
8759,0.19849154353141785,2242304
8760,0.20196658372879028,2242560
8761,0.2118620127439499,2242816
8762,0.1994163542985916,2243072
8763,0.21427862346172333,2243328
8764,0.18524014949798584,2243584
8765,0.21574832499027252,2243840
8766,0.2025228887796402,2244096
8767,0.1952204704284668,2244352
8768,0.19188779592514038,2244608
8769,0.20327693223953247,2244864
8770,0.20823153853416443,2245120
8771,0.20453178882598877,2245376
8772,0.1964816153049469,2245632
8773,0.19354574382305145,2245888
8774,0.19407707452774048,2246144
8775,0.199588343501091,2246400
8776,0.21980465948581696,2246656
8777,0.20568819344043732,2246912
8778,0.20568691194057465,2247168
8779,0.21237634122371674,2247424
8780,0.17683899402618408,2247680
8781,0.2067965418100357,2247936
8782,0.17322596907615662,2248192
8783,0.19473619759082794,2248448
8784,0.20076550543308258,2248704
8785,0.19603747129440308,2248960
8786,0.18972492218017578,2249216
8787,0.19828926026821136,2249472
8788,0.20504386723041534,2249728
8789,0.2081536501646042,2249984
8790,0.19205600023269653,2250240
8791,0.19964461028575897,2250496
8792,0.20146267116069794,2250752
8793,0.19123275578022003,2251008
8794,0.20486019551753998,2251264
8795,0.2089487910270691,2251520
8796,0.20298393070697784,2251776
8797,0.20256130397319794,2252032
8798,0.18595866858959198,2252288
8799,0.20004624128341675,2252544
8800,0.20267656445503235,2252800
8801,0.20632684230804443,2253056
8802,0.1987989842891693,2253312
8803,0.19717074930667877,2253568
8804,0.2049940824508667,2253824
8805,0.21323366463184357,2254080
8806,0.19994013011455536,2254336
8807,0.19087092578411102,2254592
8808,0.21068745851516724,2254848
8809,0.20587055385112762,2255104
8810,0.19013801217079163,2255360
8811,0.19827207922935486,2255616
8812,0.20183542370796204,2255872
8813,0.21382775902748108,2256128
8814,0.19647705554962158,2256384
8815,0.18919163942337036,2256640
8816,0.2139175981283188,2256896
8817,0.18036721646785736,2257152
8818,0.20123349130153656,2257408
8819,0.20931601524353027,2257664
8820,0.18855559825897217,2257920
8821,0.18646740913391113,2258176
8822,0.19349463284015656,2258432
8823,0.20761077105998993,2258688
8824,0.18769313395023346,2258944
8825,0.20292386412620544,2259200
8826,0.21926814317703247,2259456
8827,0.2033863067626953,2259712
8828,0.19980795681476593,2259968
8829,0.2078036218881607,2260224
8830,0.19719858467578888,2260480
8831,0.18611004948616028,2260736
8832,0.20172467827796936,2260992
8833,0.2035161852836609,2261248
8834,0.19489091634750366,2261504
8835,0.209323912858963,2261760
8836,0.20229098200798035,2262016
8837,0.18895018100738525,2262272
8838,0.1970631182193756,2262528
8839,0.21225489675998688,2262784
8840,0.20872056484222412,2263040
8841,0.1964309811592102,2263296
8842,0.20314465463161469,2263552
8843,0.1883271187543869,2263808
8844,0.18736569583415985,2264064
8845,0.18715491890907288,2264320
8846,0.18404802680015564,2264576
8847,0.2036963850259781,2264832
8848,0.18492141366004944,2265088
8849,0.20333851873874664,2265344
8850,0.1890910118818283,2265600
8851,0.20638097822666168,2265856
8852,0.1693185418844223,2266112
8853,0.20348326861858368,2266368
8854,0.19720666110515594,2266624
8855,0.1849737912416458,2266880
8856,0.21177177131175995,2267136
8857,0.2064238041639328,2267392
8858,0.18766577541828156,2267648
8859,0.18772779405117035,2267904
8860,0.20041285455226898,2268160
8861,0.1877788007259369,2268416
8862,0.2060357630252838,2268672
8863,0.2026708871126175,2268928
8864,0.18985991179943085,2269184
8865,0.19576223194599152,2269440
8866,0.19003666937351227,2269696
8867,0.19926252961158752,2269952
8868,0.1916629821062088,2270208
8869,0.18407021462917328,2270464
8870,0.2102731317281723,2270720
8871,0.18896347284317017,2270976
8872,0.19533880054950714,2271232
8873,0.19547924399375916,2271488
8874,0.19246630370616913,2271744
8875,0.2034132331609726,2272000
8876,0.21675775945186615,2272256
8877,0.19025811553001404,2272512
8878,0.19852332770824432,2272768
8879,0.1964336782693863,2273024
8880,0.20361457765102386,2273280
8881,0.18987247347831726,2273536
8882,0.21257895231246948,2273792
8883,0.1903400421142578,2274048
8884,0.20281057059764862,2274304
8885,0.20384041965007782,2274560
8886,0.20018775761127472,2274816
8887,0.20443195104599,2275072
8888,0.19501718878746033,2275328
8889,0.19352176785469055,2275584
8890,0.19877788424491882,2275840
8891,0.1836613416671753,2276096
8892,0.1835387647151947,2276352
8893,0.19890892505645752,2276608
8894,0.20567819476127625,2276864
8895,0.17363972961902618,2277120
8896,0.19796408712863922,2277376
8897,0.190859854221344,2277632
8898,0.19437724351882935,2277888
8899,0.19973783195018768,2278144
8900,0.19387488067150116,2278400
8901,0.2102309763431549,2278656
8902,0.20435753464698792,2278912
8903,0.19585473835468292,2279168
8904,0.18757693469524384,2279424
8905,0.19588656723499298,2279680
8906,0.2105695605278015,2279936
8907,0.20115916430950165,2280192
8908,0.21175521612167358,2280448
8909,0.19815602898597717,2280704
8910,0.19402700662612915,2280960
8911,0.20066127181053162,2281216
8912,0.19238021969795227,2281472
8913,0.19835616648197174,2281728
8914,0.19612377882003784,2281984
8915,0.19807013869285583,2282240
8916,0.1850312203168869,2282496
8917,0.19397170841693878,2282752
8918,0.1979082226753235,2283008
8919,0.19891278445720673,2283264
8920,0.20054814219474792,2283520
8921,0.19962239265441895,2283776
8922,0.1963864117860794,2284032
8923,0.19582079350948334,2284288
8924,0.20271553099155426,2284544
8925,0.20469358563423157,2284800
8926,0.18838192522525787,2285056
8927,0.19995948672294617,2285312
8928,0.19867035746574402,2285568
8929,0.20461024343967438,2285824
8930,0.20630274713039398,2286080
8931,0.19682756066322327,2286336
8932,0.19660255312919617,2286592
8933,0.19789138436317444,2286848
8934,0.18880003690719604,2287104
8935,0.20322467386722565,2287360
8936,0.18730677664279938,2287616
8937,0.19810797274112701,2287872
8938,0.19177544116973877,2288128
8939,0.1901092231273651,2288384
8940,0.19457103312015533,2288640
8941,0.18888606131076813,2288896
8942,0.19026602804660797,2289152
8943,0.1995970606803894,2289408
8944,0.20228508114814758,2289664
8945,0.2037532776594162,2289920
8946,0.1941620260477066,2290176
8947,0.19988490641117096,2290432
8948,0.21403193473815918,2290688
8949,0.206589013338089,2290944
8950,0.19789999723434448,2291200
8951,0.19742615520954132,2291456
8952,0.19661958515644073,2291712
8953,0.18431369960308075,2291968
8954,0.20535707473754883,2292224
8955,0.19596555829048157,2292480
8956,0.19722303748130798,2292736
8957,0.1877322643995285,2292992
8958,0.1946515291929245,2293248
8959,0.19825105369091034,2293504
8960,0.19433191418647766,2293760
8961,0.19801650941371918,2294016
8962,0.20584088563919067,2294272
8963,0.1987810879945755,2294528
8964,0.19048115611076355,2294784
8965,0.20598670840263367,2295040
8966,0.1975986808538437,2295296
8967,0.20085670053958893,2295552
8968,0.20461884140968323,2295808
8969,0.19058114290237427,2296064
8970,0.18140895664691925,2296320
8971,0.19128867983818054,2296576
8972,0.20840051770210266,2296832
8973,0.20210127532482147,2297088
8974,0.20581021904945374,2297344
8975,0.20251953601837158,2297600
8976,0.20104527473449707,2297856
8977,0.18772193789482117,2298112
8978,0.19876238703727722,2298368
8979,0.189014732837677,2298624
8980,0.19614370167255402,2298880
8981,0.2065110206604004,2299136
8982,0.2009279578924179,2299392
8983,0.2016860693693161,2299648
8984,0.20312699675559998,2299904
8985,0.19886839389801025,2300160
8986,0.2100144922733307,2300416
8987,0.2188849002122879,2300672
8988,0.20718784630298615,2300928
8989,0.19166994094848633,2301184
8990,0.19213813543319702,2301440
8991,0.19055791199207306,2301696
8992,0.2014455795288086,2301952
8993,0.20079562067985535,2302208
8994,0.20208369195461273,2302464
8995,0.20923864841461182,2302720
8996,0.18637044727802277,2302976
8997,0.19555550813674927,2303232
8998,0.20106510818004608,2303488
8999,0.20923106372356415,2303744
9000,0.1881095916032791,2304000
9001,0.1909424215555191,2304256
9002,0.184146448969841,2304512
9003,0.19307959079742432,2304768
9004,0.2038048505783081,2305024
9005,0.1903444528579712,2305280
9006,0.20847466588020325,2305536
9007,0.18725377321243286,2305792
9008,0.1981835812330246,2306048
9009,0.1911366730928421,2306304
9010,0.19975683093070984,2306560
9011,0.2076515555381775,2306816
9012,0.21342644095420837,2307072
9013,0.19069495797157288,2307328
9014,0.2107096016407013,2307584
9015,0.1988047957420349,2307840
9016,0.200159952044487,2308096
9017,0.2085285633802414,2308352
9018,0.19756415486335754,2308608
9019,0.21310675144195557,2308864
9020,0.18398277461528778,2309120
9021,0.20691369473934174,2309376
9022,0.21416950225830078,2309632
9023,0.203698992729187,2309888
9024,0.19958926737308502,2310144
9025,0.19530092179775238,2310400
9026,0.2084028422832489,2310656
9027,0.20511505007743835,2310912
9028,0.213518887758255,2311168
9029,0.19610567390918732,2311424
9030,0.20193085074424744,2311680
9031,0.22129514813423157,2311936
9032,0.19990375638008118,2312192
9033,0.19742195308208466,2312448
9034,0.20676133036613464,2312704
9035,0.19556334614753723,2312960
9036,0.1987837851047516,2313216
9037,0.21007239818572998,2313472
9038,0.20194590091705322,2313728
9039,0.20205122232437134,2313984
9040,0.1997489333152771,2314240
9041,0.200007826089859,2314496
9042,0.1893601268529892,2314752
9043,0.19537535309791565,2315008
9044,0.20161588490009308,2315264
9045,0.18754372000694275,2315520
9046,0.19570709764957428,2315776
9047,0.19567275047302246,2316032
9048,0.20546872913837433,2316288
9049,0.19549301266670227,2316544
9050,0.19786974787712097,2316800
9051,0.19885100424289703,2317056
9052,0.20944324135780334,2317312
9053,0.1953967809677124,2317568
9054,0.2000827044248581,2317824
9055,0.20894940197467804,2318080
9056,0.2085963487625122,2318336
9057,0.19741308689117432,2318592
9058,0.18909579515457153,2318848
9059,0.18827097117900848,2319104
9060,0.2078605443239212,2319360
9061,0.19332924485206604,2319616
9062,0.20684121549129486,2319872
9063,0.1882818639278412,2320128
9064,0.19500161707401276,2320384
9065,0.1906135380268097,2320640
9066,0.2066429853439331,2320896
9067,0.20446351170539856,2321152
9068,0.1953532099723816,2321408
9069,0.182905912399292,2321664
9070,0.19970400631427765,2321920
9071,0.2153850942850113,2322176
9072,0.19065386056900024,2322432
9073,0.19979257881641388,2322688
9074,0.20336835086345673,2322944
9075,0.19153651595115662,2323200
9076,0.19648392498493195,2323456
9077,0.20537640154361725,2323712
9078,0.20753395557403564,2323968
9079,0.18680107593536377,2324224
9080,0.2137572467327118,2324480
9081,0.19901853799819946,2324736
9082,0.21142295002937317,2324992
9083,0.1895388662815094,2325248
9084,0.20333388447761536,2325504
9085,0.19575047492980957,2325760
9086,0.20365740358829498,2326016
9087,0.2023565173149109,2326272
9088,0.2047959268093109,2326528
9089,0.20619197189807892,2326784
9090,0.18861132860183716,2327040
9091,0.1847686767578125,2327296
9092,0.19146192073822021,2327552
9093,0.20017290115356445,2327808
9094,0.20333534479141235,2328064
9095,0.1887221336364746,2328320
9096,0.18971703946590424,2328576
9097,0.20334306359291077,2328832
9098,0.19139760732650757,2329088
9099,0.20348703861236572,2329344
9100,0.20373794436454773,2329600
9101,0.19563648104667664,2329856
9102,0.19194719195365906,2330112
9103,0.19868546724319458,2330368
9104,0.20754380524158478,2330624
9105,0.19018708169460297,2330880
9106,0.19604700803756714,2331136
9107,0.20055221021175385,2331392
9108,0.19375625252723694,2331648
9109,0.19834737479686737,2331904
9110,0.19374802708625793,2332160
9111,0.2049238383769989,2332416
9112,0.20539742708206177,2332672
9113,0.20028997957706451,2332928
9114,0.19828730821609497,2333184
9115,0.19236598908901215,2333440
9116,0.2034701257944107,2333696
9117,0.1928989291191101,2333952
9118,0.18784750998020172,2334208
9119,0.2031257152557373,2334464
9120,0.19968706369400024,2334720
9121,0.19270986318588257,2334976
9122,0.19582755863666534,2335232
9123,0.18350927531719208,2335488
9124,0.19374032318592072,2335744
9125,0.18611018359661102,2336000
9126,0.19213919341564178,2336256
9127,0.21175800263881683,2336512
9128,0.20660868287086487,2336768
9129,0.1957404464483261,2337024
9130,0.2146175056695938,2337280
9131,0.19158227741718292,2337536
9132,0.20181117951869965,2337792
9133,0.19581632316112518,2338048
9134,0.17839951813220978,2338304
9135,0.2050093412399292,2338560
9136,0.1984337419271469,2338816
9137,0.2038235068321228,2339072
9138,0.202298104763031,2339328
9139,0.1982947736978531,2339584
9140,0.19792616367340088,2339840
9141,0.21528740227222443,2340096
9142,0.19469210505485535,2340352
9143,0.21127676963806152,2340608
9144,0.2100662887096405,2340864
9145,0.19546569883823395,2341120
9146,0.19271816313266754,2341376
9147,0.18968304991722107,2341632
9148,0.20015908777713776,2341888
9149,0.19160409271717072,2342144
9150,0.19669868052005768,2342400
9151,0.20567350089550018,2342656
9152,0.21195735037326813,2342912
9153,0.19865134358406067,2343168
9154,0.20143522322177887,2343424
9155,0.18898816406726837,2343680
9156,0.18895778059959412,2343936
9157,0.2002842277288437,2344192
9158,0.18692868947982788,2344448
9159,0.1929902285337448,2344704
9160,0.19070984423160553,2344960
9161,0.18277665972709656,2345216
9162,0.20686931908130646,2345472
9163,0.2135843187570572,2345728
9164,0.19163952767848969,2345984
9165,0.1997763216495514,2346240
9166,0.18903881311416626,2346496
9167,0.20364917814731598,2346752
9168,0.18899743258953094,2347008
9169,0.19900356233119965,2347264
9170,0.18481817841529846,2347520
9171,0.19770735502243042,2347776
9172,0.2000724971294403,2348032
9173,0.19112394750118256,2348288
9174,0.18134552240371704,2348544
9175,0.20503631234169006,2348800
9176,0.2120465636253357,2349056
9177,0.2094704657793045,2349312
9178,0.19379006326198578,2349568
9179,0.19490443170070648,2349824
9180,0.20172356069087982,2350080
9181,0.18697483837604523,2350336
9182,0.18943743407726288,2350592
9183,0.2115119844675064,2350848
9184,0.20568348467350006,2351104
9185,0.19712072610855103,2351360
9186,0.19714763760566711,2351616
9187,0.21104848384857178,2351872
9188,0.21044957637786865,2352128
9189,0.20127364993095398,2352384
9190,0.20543526113033295,2352640
9191,0.18791039288043976,2352896
9192,0.21349875628948212,2353152
9193,0.20555338263511658,2353408
9194,0.1945621818304062,2353664
9195,0.20081639289855957,2353920
9196,0.19880536198616028,2354176
9197,0.19578541815280914,2354432
9198,0.21015679836273193,2354688
9199,0.19656412303447723,2354944
9200,0.17938601970672607,2355200
9201,0.19482983648777008,2355456
9202,0.1778123527765274,2355712
9203,0.19483104348182678,2355968
9204,0.19683969020843506,2356224
9205,0.19987601041793823,2356480
9206,0.1921168863773346,2356736
9207,0.20577038824558258,2356992
9208,0.19677746295928955,2357248
9209,0.17904096841812134,2357504
9210,0.19294874370098114,2357760
9211,0.1874372959136963,2358016
9212,0.20880647003650665,2358272
9213,0.19381393492221832,2358528
9214,0.19258317351341248,2358784
9215,0.19835932552814484,2359040
9216,0.19994977116584778,2359296
9217,0.18914881348609924,2359552
9218,0.20424430072307587,2359808
9219,0.19038018584251404,2360064
9220,0.20336095988750458,2360320
9221,0.20493607223033905,2360576
9222,0.21445240080356598,2360832
9223,0.188901886343956,2361088
9224,0.19537776708602905,2361344
9225,0.1984405666589737,2361600
9226,0.19900530576705933,2361856
9227,0.1959780752658844,2362112
9228,0.19014492630958557,2362368
9229,0.20095854997634888,2362624
9230,0.20361392199993134,2362880
9231,0.18223312497138977,2363136
9232,0.20887723565101624,2363392
9233,0.20302270352840424,2363648
9234,0.20015551149845123,2363904
9235,0.20181752741336823,2364160
9236,0.18563739955425262,2364416
9237,0.21363772451877594,2364672
9238,0.1959073394536972,2364928
9239,0.20018836855888367,2365184
9240,0.20120686292648315,2365440
9241,0.20163825154304504,2365696
9242,0.19041337072849274,2365952
9243,0.20324313640594482,2366208
9244,0.190936878323555,2366464
9245,0.1950986385345459,2366720
9246,0.1953575760126114,2366976
9247,0.19699890911579132,2367232
9248,0.21132272481918335,2367488
9249,0.2037554681301117,2367744
9250,0.20657728612422943,2368000
9251,0.21609695255756378,2368256
9252,0.19982941448688507,2368512
9253,0.1951354593038559,2368768
9254,0.19431540369987488,2369024
9255,0.1980157345533371,2369280
9256,0.2129354178905487,2369536
9257,0.19990743696689606,2369792
9258,0.19930559396743774,2370048
9259,0.2006969302892685,2370304
9260,0.202203631401062,2370560
9261,0.2098090797662735,2370816
9262,0.19978216290473938,2371072
9263,0.19713284075260162,2371328
9264,0.20055778324604034,2371584
9265,0.19406665861606598,2371840
9266,0.19261795282363892,2372096
9267,0.18399599194526672,2372352
9268,0.197402685880661,2372608
9269,0.19793781638145447,2372864
9270,0.19034862518310547,2373120
9271,0.2052314728498459,2373376
9272,0.20988991856575012,2373632
9273,0.20163267850875854,2373888
9274,0.19510234892368317,2374144
9275,0.19042545557022095,2374400
9276,0.19929943978786469,2374656
9277,0.1826772689819336,2374912
9278,0.19894203543663025,2375168
9279,0.19830018281936646,2375424
9280,0.202060729265213,2375680
9281,0.2084970623254776,2375936
9282,0.18766778707504272,2376192
9283,0.2224307507276535,2376448
9284,0.2123667597770691,2376704
9285,0.19543910026550293,2376960
9286,0.20367975533008575,2377216
9287,0.2082289308309555,2377472
9288,0.20661278069019318,2377728
9289,0.1980350911617279,2377984
9290,0.18016263842582703,2378240
9291,0.22065791487693787,2378496
9292,0.21320979297161102,2378752
9293,0.1998988538980484,2379008
9294,0.2022332102060318,2379264
9295,0.18848483264446259,2379520
9296,0.2085990160703659,2379776
9297,0.19837749004364014,2380032
9298,0.2037506103515625,2380288
9299,0.19669711589813232,2380544
9300,0.1894877851009369,2380800
9301,0.17807161808013916,2381056
9302,0.19772231578826904,2381312
9303,0.2029300183057785,2381568
9304,0.19128620624542236,2381824
9305,0.18699966371059418,2382080
9306,0.21015916764736176,2382336
9307,0.20148447155952454,2382592
9308,0.2190837264060974,2382848
9309,0.20407609641551971,2383104
9310,0.2082497477531433,2383360
9311,0.21032792329788208,2383616
9312,0.2045288234949112,2383872
9313,0.1924816071987152,2384128
9314,0.19618256390094757,2384384
9315,0.19577497243881226,2384640
9316,0.20975938439369202,2384896
9317,0.19058644771575928,2385152
9318,0.22291120886802673,2385408
9319,0.21130189299583435,2385664
9320,0.21528534591197968,2385920
9321,0.19669771194458008,2386176
9322,0.2091296911239624,2386432
9323,0.20760725438594818,2386688
9324,0.2020159661769867,2386944
9325,0.20198924839496613,2387200
9326,0.1900356113910675,2387456
9327,0.19326777756214142,2387712
9328,0.19223150610923767,2387968
9329,0.20486731827259064,2388224
9330,0.2009904831647873,2388480
9331,0.19948750734329224,2388736
9332,0.20617687702178955,2388992
9333,0.19615912437438965,2389248
9334,0.20416046679019928,2389504
9335,0.19791394472122192,2389760
9336,0.19877681136131287,2390016
9337,0.20952089130878448,2390272
9338,0.19369688630104065,2390528
9339,0.19682937860488892,2390784
9340,0.17283843457698822,2391040
9341,0.20769654214382172,2391296
9342,0.20079298317432404,2391552
9343,0.2097911536693573,2391808
9344,0.20478110015392303,2392064
9345,0.18566614389419556,2392320
9346,0.19781439006328583,2392576
9347,0.19796136021614075,2392832
9348,0.20293770730495453,2393088
9349,0.19980160892009735,2393344
9350,0.18777550756931305,2393600
9351,0.20143738389015198,2393856
9352,0.18244944512844086,2394112
9353,0.19077183306217194,2394368
9354,0.19158314168453217,2394624
9355,0.1985642910003662,2394880
9356,0.19403646886348724,2395136
9357,0.20626071095466614,2395392
9358,0.2243819683790207,2395648
9359,0.20508575439453125,2395904
9360,0.19255110621452332,2396160
9361,0.19992177188396454,2396416
9362,0.19010668992996216,2396672
9363,0.2035430371761322,2396928
9364,0.20347101986408234,2397184
9365,0.20694059133529663,2397440
9366,0.21064619719982147,2397696
9367,0.19571465253829956,2397952
9368,0.19925342500209808,2398208
9369,0.19869685173034668,2398464
9370,0.19751600921154022,2398720
9371,0.2028752863407135,2398976
9372,0.19810594618320465,2399232
9373,0.19591718912124634,2399488
9374,0.1943475604057312,2399744
9375,0.20057497918605804,2400000
9376,0.20758184790611267,2400256
9377,0.196385458111763,2400512
9378,0.18919925391674042,2400768
9379,0.19330361485481262,2401024
9380,0.19810642302036285,2401280
9381,0.1818636655807495,2401536
9382,0.19275915622711182,2401792
9383,0.20331382751464844,2402048
9384,0.20044146478176117,2402304
9385,0.19656939804553986,2402560
9386,0.2025168240070343,2402816
9387,0.208088681101799,2403072
9388,0.2075355499982834,2403328
9389,0.18953615427017212,2403584
9390,0.20002153515815735,2403840
9391,0.20860841870307922,2404096
9392,0.18455658853054047,2404352
9393,0.20743787288665771,2404608
9394,0.2201709747314453,2404864
9395,0.2047155201435089,2405120
9396,0.1936352252960205,2405376
9397,0.19034814834594727,2405632
9398,0.1990673691034317,2405888
9399,0.19947052001953125,2406144
9400,0.20339776575565338,2406400
9401,0.19508302211761475,2406656
9402,0.19893445074558258,2406912
9403,0.1983526051044464,2407168
9404,0.19779345393180847,2407424
9405,0.20702306926250458,2407680
9406,0.195157989859581,2407936
9407,0.185083270072937,2408192
9408,0.1940906047821045,2408448
9409,0.19558800756931305,2408704
9410,0.19566914439201355,2408960
9411,0.21267201006412506,2409216
9412,0.20608261227607727,2409472
9413,0.18552938103675842,2409728
9414,0.19935165345668793,2409984
9415,0.18772955238819122,2410240
9416,0.19738389551639557,2410496
9417,0.20511886477470398,2410752
9418,0.2038097232580185,2411008
9419,0.1934625804424286,2411264
9420,0.2149544060230255,2411520
9421,0.20690204203128815,2411776
9422,0.2101469188928604,2412032
9423,0.18904021382331848,2412288
9424,0.19449296593666077,2412544
9425,0.20254483819007874,2412800
9426,0.19757646322250366,2413056
9427,0.21039152145385742,2413312
9428,0.1977309137582779,2413568
9429,0.20687849819660187,2413824
9430,0.19662776589393616,2414080
9431,0.2045111209154129,2414336
9432,0.20305371284484863,2414592
9433,0.1966097354888916,2414848
9434,0.18853826820850372,2415104
9435,0.19413761794567108,2415360
9436,0.2063249796628952,2415616
9437,0.19748368859291077,2415872
9438,0.19423846900463104,2416128
9439,0.19331249594688416,2416384
9440,0.19031691551208496,2416640
9441,0.19274622201919556,2416896
9442,0.20496229827404022,2417152
9443,0.18925072252750397,2417408
9444,0.19821709394454956,2417664
9445,0.19007185101509094,2417920
9446,0.2026880383491516,2418176
9447,0.18893137574195862,2418432
9448,0.21085549890995026,2418688
9449,0.1844523400068283,2418944
9450,0.1825992316007614,2419200
9451,0.1991681307554245,2419456
9452,0.19224171340465546,2419712
9453,0.20349368453025818,2419968
9454,0.1910853534936905,2420224
9455,0.19999299943447113,2420480
9456,0.20459160208702087,2420736
9457,0.20224136114120483,2420992
9458,0.19570830464363098,2421248
9459,0.1980305165052414,2421504
9460,0.19727548956871033,2421760
9461,0.22022229433059692,2422016
9462,0.19339297711849213,2422272
9463,0.1906249076128006,2422528
9464,0.2077719122171402,2422784
9465,0.20786744356155396,2423040
9466,0.1829424798488617,2423296
9467,0.17854182422161102,2423552
9468,0.19413624703884125,2423808
9469,0.20612694323062897,2424064
9470,0.20072464644908905,2424320
9471,0.19563867151737213,2424576
9472,0.2018226683139801,2424832
9473,0.19336311519145966,2425088
9474,0.20556502044200897,2425344
9475,0.19803151488304138,2425600
9476,0.17587031424045563,2425856
9477,0.20973898470401764,2426112
9478,0.18228746950626373,2426368
9479,0.19509126245975494,2426624
9480,0.2113965004682541,2426880
9481,0.19681286811828613,2427136
9482,0.2048661708831787,2427392
9483,0.2066805064678192,2427648
9484,0.20218393206596375,2427904
9485,0.1979745477437973,2428160
9486,0.2088460922241211,2428416
9487,0.17951425909996033,2428672
9488,0.20832356810569763,2428928
9489,0.20717856287956238,2429184
9490,0.1872861683368683,2429440
9491,0.1882987767457962,2429696
9492,0.19197148084640503,2429952
9493,0.19293588399887085,2430208
9494,0.19814500212669373,2430464
9495,0.19571824371814728,2430720
9496,0.20775753259658813,2430976
9497,0.1975507140159607,2431232
9498,0.19844754040241241,2431488
9499,0.21004387736320496,2431744
9500,0.1915343552827835,2432000
9501,0.2066899687051773,2432256
9502,0.203538179397583,2432512
9503,0.20732127130031586,2432768
9504,0.19203972816467285,2433024
9505,0.16968537867069244,2433280
9506,0.20251516997814178,2433536
9507,0.19782696664333344,2433792
9508,0.2009180188179016,2434048
9509,0.1895533949136734,2434304
9510,0.20787839591503143,2434560
9511,0.19756726920604706,2434816
9512,0.19297625124454498,2435072
9513,0.20696358382701874,2435328
9514,0.2000352442264557,2435584
9515,0.21162913739681244,2435840
9516,0.18693605065345764,2436096
9517,0.20081853866577148,2436352
9518,0.2072160243988037,2436608
9519,0.2066701203584671,2436864
9520,0.2015334516763687,2437120
9521,0.19333507120609283,2437376
9522,0.20029829442501068,2437632
9523,0.198806494474411,2437888
9524,0.199964240193367,2438144
9525,0.20021793246269226,2438400
9526,0.191889688372612,2438656
9527,0.20270885527133942,2438912
9528,0.20407502353191376,2439168
9529,0.1880674958229065,2439424
9530,0.20869071781635284,2439680
9531,0.19850942492485046,2439936
9532,0.1959449201822281,2440192
9533,0.1985374093055725,2440448
9534,0.19301195442676544,2440704
9535,0.18944041430950165,2440960
9536,0.21104362607002258,2441216
9537,0.2058645784854889,2441472
9538,0.21183913946151733,2441728
9539,0.19119945168495178,2441984
9540,0.20013758540153503,2442240
9541,0.20426081120967865,2442496
9542,0.20321209728717804,2442752
9543,0.20817357301712036,2443008
9544,0.21345917880535126,2443264
9545,0.19237986207008362,2443520
9546,0.2043507844209671,2443776
9547,0.2027682214975357,2444032
9548,0.19699664413928986,2444288
9549,0.2157403528690338,2444544
9550,0.20885366201400757,2444800
9551,0.2068251073360443,2445056
9552,0.20858268439769745,2445312
9553,0.20345161855220795,2445568
9554,0.19896164536476135,2445824
9555,0.2065952569246292,2446080
9556,0.2101742923259735,2446336
9557,0.20380523800849915,2446592
9558,0.20067629218101501,2446848
9559,0.20727692544460297,2447104
9560,0.20719276368618011,2447360
9561,0.19464726746082306,2447616
9562,0.19693608582019806,2447872
9563,0.20069362223148346,2448128
9564,0.19280463457107544,2448384
9565,0.20888511836528778,2448640
9566,0.19829560816287994,2448896
9567,0.189792662858963,2449152
9568,0.20300082862377167,2449408
9569,0.19770170748233795,2449664
9570,0.2015894055366516,2449920
9571,0.202297642827034,2450176
9572,0.2022266387939453,2450432
9573,0.20496094226837158,2450688
9574,0.1937970519065857,2450944
9575,0.2063569277524948,2451200
9576,0.1990637630224228,2451456
9577,0.2046540230512619,2451712
9578,0.2025354653596878,2451968
9579,0.18860122561454773,2452224
9580,0.20493848621845245,2452480
9581,0.19631695747375488,2452736
9582,0.20185385644435883,2452992
9583,0.16904394328594208,2453248
9584,0.20541372895240784,2453504
9585,0.186926007270813,2453760
9586,0.1982165277004242,2454016
9587,0.19432306289672852,2454272
9588,0.2048466056585312,2454528
9589,0.20200343430042267,2454784
9590,0.1929973065853119,2455040
9591,0.2087603509426117,2455296
9592,0.1997203677892685,2455552
9593,0.20293442904949188,2455808
9594,0.19170404970645905,2456064
9595,0.19403938949108124,2456320
9596,0.20402510464191437,2456576
9597,0.20552918314933777,2456832
9598,0.19602389633655548,2457088
9599,0.1988637000322342,2457344
9600,0.20373231172561646,2457600
9601,0.1954270452260971,2457856
9602,0.18452224135398865,2458112
9603,0.19209998846054077,2458368
9604,0.19665832817554474,2458624
9605,0.19395554065704346,2458880
9606,0.1968698799610138,2459136
9607,0.20008142292499542,2459392
9608,0.20203647017478943,2459648
9609,0.2048129290342331,2459904
9610,0.20154467225074768,2460160
9611,0.20702862739562988,2460416
9612,0.20551693439483643,2460672
9613,0.19227014482021332,2460928
9614,0.1843961626291275,2461184
9615,0.19380435347557068,2461440
9616,0.19497965276241302,2461696
9617,0.20378650724887848,2461952
9618,0.20485666394233704,2462208
9619,0.20124533772468567,2462464
9620,0.1793520748615265,2462720
9621,0.18377342820167542,2462976
9622,0.1999060958623886,2463232
9623,0.19340378046035767,2463488
9624,0.19560030102729797,2463744
9625,0.18701697885990143,2464000
9626,0.18263395130634308,2464256
9627,0.19499735534191132,2464512
9628,0.21236972510814667,2464768
9629,0.1803978681564331,2465024
9630,0.2030029296875,2465280
9631,0.1944892257452011,2465536
9632,0.21512797474861145,2465792
9633,0.2082924246788025,2466048
9634,0.2021140158176422,2466304
9635,0.18104000389575958,2466560
9636,0.202426940202713,2466816
9637,0.2135591208934784,2467072
9638,0.20042891800403595,2467328
9639,0.1947789490222931,2467584
9640,0.21612966060638428,2467840
9641,0.20739352703094482,2468096
9642,0.2082645148038864,2468352
9643,0.19097140431404114,2468608
9644,0.18334928154945374,2468864
9645,0.20073048770427704,2469120
9646,0.20020556449890137,2469376
9647,0.21241261065006256,2469632
9648,0.19947496056556702,2469888
9649,0.1816059648990631,2470144
9650,0.19471807777881622,2470400
9651,0.19105446338653564,2470656
9652,0.20334838330745697,2470912
9653,0.19848552346229553,2471168
9654,0.21027380228042603,2471424
9655,0.20230868458747864,2471680
9656,0.1968896985054016,2471936
9657,0.2017795890569687,2472192
9658,0.20423728227615356,2472448
9659,0.19299834966659546,2472704
9660,0.19956183433532715,2472960
9661,0.2060995101928711,2473216
9662,0.21304817497730255,2473472
9663,0.21061362326145172,2473728
9664,0.19893746078014374,2473984
9665,0.2116338610649109,2474240
9666,0.18964248895645142,2474496
9667,0.19155746698379517,2474752
9668,0.2031722217798233,2475008
9669,0.2013852298259735,2475264
9670,0.2152768075466156,2475520
9671,0.19676795601844788,2475776
9672,0.20590431988239288,2476032
9673,0.1916932761669159,2476288
9674,0.2053007036447525,2476544
9675,0.205301895737648,2476800
9676,0.19249503314495087,2477056
9677,0.2227824479341507,2477312
9678,0.19838961958885193,2477568
9679,0.20231236517429352,2477824
9680,0.20941883325576782,2478080
9681,0.18986424803733826,2478336
9682,0.19993193447589874,2478592
9683,0.19812636077404022,2478848
9684,0.18808874487876892,2479104
9685,0.20739653706550598,2479360
9686,0.20725086331367493,2479616
9687,0.20035769045352936,2479872
9688,0.19443964958190918,2480128
9689,0.2072625458240509,2480384
9690,0.21236570179462433,2480640
9691,0.19687385857105255,2480896
9692,0.20781055092811584,2481152
9693,0.19661608338356018,2481408
9694,0.2049095183610916,2481664
9695,0.2012268453836441,2481920
9696,0.20514637231826782,2482176
9697,0.19581066071987152,2482432
9698,0.1968652904033661,2482688
9699,0.19398126006126404,2482944
9700,0.201279878616333,2483200
9701,0.2144574671983719,2483456
9702,0.19439557194709778,2483712
9703,0.19268852472305298,2483968
9704,0.2038477659225464,2484224
9705,0.19295303523540497,2484480
9706,0.19000986218452454,2484736
9707,0.1929934322834015,2484992
9708,0.2014973759651184,2485248
9709,0.18840602040290833,2485504
9710,0.1927812099456787,2485760
9711,0.20875026285648346,2486016
9712,0.18264341354370117,2486272
9713,0.20416580140590668,2486528
9714,0.19269666075706482,2486784
9715,0.2010011374950409,2487040
9716,0.19276274740695953,2487296
9717,0.1848035454750061,2487552
9718,0.20026282966136932,2487808
9719,0.18167437613010406,2488064
9720,0.1729309856891632,2488320
9721,0.20736154913902283,2488576
9722,0.20415663719177246,2488832
9723,0.20884421467781067,2489088
9724,0.1867728978395462,2489344
9725,0.19424737989902496,2489600
9726,0.19057349860668182,2489856
9727,0.19903942942619324,2490112
9728,0.19522807002067566,2490368
9729,0.2011040300130844,2490624
9730,0.20142140984535217,2490880
9731,0.2049071490764618,2491136
9732,0.20227943360805511,2491392
9733,0.2045293152332306,2491648
9734,0.20400260388851166,2491904
9735,0.19452619552612305,2492160
9736,0.20454300940036774,2492416
9737,0.20254670083522797,2492672
9738,0.18688242137432098,2492928
9739,0.20025409758090973,2493184
9740,0.19878943264484406,2493440
9741,0.21324726939201355,2493696
9742,0.19944459199905396,2493952
9743,0.20934997498989105,2494208
9744,0.21354731917381287,2494464
9745,0.20404337346553802,2494720
9746,0.1838921457529068,2494976
9747,0.1882975697517395,2495232
9748,0.19908420741558075,2495488
9749,0.20023997128009796,2495744
9750,0.2043885737657547,2496000
9751,0.20140351355075836,2496256
9752,0.1966424584388733,2496512
9753,0.19224926829338074,2496768
9754,0.20401640236377716,2497024
9755,0.2090696543455124,2497280
9756,0.19805975258350372,2497536
9757,0.19271187484264374,2497792
9758,0.18940968811511993,2498048
9759,0.20449796319007874,2498304
9760,0.19487959146499634,2498560
9761,0.20794808864593506,2498816
9762,0.19171693921089172,2499072
9763,0.1903090476989746,2499328
9764,0.18614237010478973,2499584
9765,0.18641693890094757,2499840
9766,0.1992676705121994,2500096
9767,0.19584502279758453,2500352
9768,0.20561306178569794,2500608
9769,0.18623338639736176,2500864
9770,0.18858829140663147,2501120
9771,0.20440366864204407,2501376
9772,0.2020733505487442,2501632
9773,0.21231137216091156,2501888
9774,0.20382969081401825,2502144
9775,0.20508533716201782,2502400
9776,0.19429881870746613,2502656
9777,0.19356004893779755,2502912
9778,0.19658780097961426,2503168
9779,0.209320068359375,2503424
9780,0.20682086050510406,2503680
9781,0.19829778373241425,2503936
9782,0.19586482644081116,2504192
9783,0.18821443617343903,2504448
9784,0.21357765793800354,2504704
9785,0.19159109890460968,2504960
9786,0.22089670598506927,2505216
9787,0.20098286867141724,2505472
9788,0.1964075118303299,2505728
9789,0.1975448727607727,2505984
9790,0.19206899404525757,2506240
9791,0.19954484701156616,2506496
9792,0.193578839302063,2506752
9793,0.1984674036502838,2507008
9794,0.20963189005851746,2507264
9795,0.20135469734668732,2507520
9796,0.20483766496181488,2507776
9797,0.19864003360271454,2508032
9798,0.2036292403936386,2508288
9799,0.19369450211524963,2508544
9800,0.21001502871513367,2508800
9801,0.20215162634849548,2509056
9802,0.1879720240831375,2509312
9803,0.20452867448329926,2509568
9804,0.20546647906303406,2509824
9805,0.20208893716335297,2510080
9806,0.19923920929431915,2510336
9807,0.20655323565006256,2510592
9808,0.20073328912258148,2510848
9809,0.20317237079143524,2511104
9810,0.20738033950328827,2511360
9811,0.18966075778007507,2511616
9812,0.20070777833461761,2511872
9813,0.18624365329742432,2512128
9814,0.20200268924236298,2512384
9815,0.19829988479614258,2512640
9816,0.20138511061668396,2512896
9817,0.2050217092037201,2513152
9818,0.19675128161907196,2513408
9819,0.18748688697814941,2513664
9820,0.18502597510814667,2513920
9821,0.19694343209266663,2514176
9822,0.2092312127351761,2514432
9823,0.2008449286222458,2514688
9824,0.20483849942684174,2514944
9825,0.20305244624614716,2515200
9826,0.18244187533855438,2515456
9827,0.1877564936876297,2515712
9828,0.18645510077476501,2515968
9829,0.1968095749616623,2516224
9830,0.20160217583179474,2516480
9831,0.17376647889614105,2516736
9832,0.2026185542345047,2516992
9833,0.21354688704013824,2517248
9834,0.19449782371520996,2517504
9835,0.19590561091899872,2517760
9836,0.19462524354457855,2518016
9837,0.20104850828647614,2518272
9838,0.1780773550271988,2518528
9839,0.20241965353488922,2518784
9840,0.19955597817897797,2519040
9841,0.18838122487068176,2519296
9842,0.21707990765571594,2519552
9843,0.19458486139774323,2519808
9844,0.2033301740884781,2520064
9845,0.195529043674469,2520320
9846,0.20013265311717987,2520576
9847,0.201978400349617,2520832
9848,0.20329803228378296,2521088
9849,0.20839431881904602,2521344
9850,0.2156274914741516,2521600
9851,0.19961945712566376,2521856
9852,0.19437696039676666,2522112
9853,0.18646053969860077,2522368
9854,0.19768211245536804,2522624
9855,0.20092399418354034,2522880
9856,0.19951912760734558,2523136
9857,0.21423709392547607,2523392
9858,0.20533214509487152,2523648
9859,0.1919616162776947,2523904
9860,0.20909392833709717,2524160
9861,0.21270516514778137,2524416
9862,0.18972070515155792,2524672
9863,0.2152988761663437,2524928
9864,0.19000403583049774,2525184
9865,0.19456438720226288,2525440
9866,0.1922534853219986,2525696
9867,0.1966913938522339,2525952
9868,0.1961064636707306,2526208
9869,0.22494548559188843,2526464
9870,0.17942173779010773,2526720
9871,0.17273607850074768,2526976
9872,0.18888838589191437,2527232
9873,0.19567738473415375,2527488
9874,0.19460394978523254,2527744
9875,0.195689395070076,2528000
9876,0.2042299211025238,2528256
9877,0.19551220536231995,2528512
9878,0.21059179306030273,2528768
9879,0.19089064002037048,2529024
9880,0.18497218191623688,2529280
9881,0.18991628289222717,2529536
9882,0.18701370060443878,2529792
9883,0.19614091515541077,2530048
9884,0.20223766565322876,2530304
9885,0.22001251578330994,2530560
9886,0.2026790827512741,2530816
9887,0.17974697053432465,2531072
9888,0.20876845717430115,2531328
9889,0.2072906196117401,2531584
9890,0.19953367114067078,2531840
9891,0.19133193790912628,2532096
9892,0.19110539555549622,2532352
9893,0.18899652361869812,2532608
9894,0.1871056854724884,2532864
9895,0.2081139236688614,2533120
9896,0.17740276455879211,2533376
9897,0.20489463210105896,2533632
9898,0.18972334265708923,2533888
9899,0.2006799876689911,2534144
9900,0.20985804498195648,2534400
9901,0.1885988712310791,2534656
9902,0.1955435872077942,2534912
9903,0.18979856371879578,2535168
9904,0.20165422558784485,2535424
9905,0.1965920478105545,2535680
9906,0.2158239185810089,2535936
9907,0.20036453008651733,2536192
9908,0.1924668401479721,2536448
9909,0.19103525578975677,2536704
9910,0.19636495411396027,2536960
9911,0.20622965693473816,2537216
9912,0.20610745251178741,2537472
9913,0.17999327182769775,2537728
9914,0.2011357843875885,2537984
9915,0.20065811276435852,2538240
9916,0.20301289856433868,2538496
9917,0.196706160902977,2538752
9918,0.20190022885799408,2539008
9919,0.2030850350856781,2539264
9920,0.18070153892040253,2539520
9921,0.19824522733688354,2539776
9922,0.1962207704782486,2540032
9923,0.2100953757762909,2540288
9924,0.19683051109313965,2540544
9925,0.19687360525131226,2540800
9926,0.19479621946811676,2541056
9927,0.1791744828224182,2541312
9928,0.19557835161685944,2541568
9929,0.2047208696603775,2541824
9930,0.20583011209964752,2542080
9931,0.1824827641248703,2542336
9932,0.1703939139842987,2542592
9933,0.19447074830532074,2542848
9934,0.2019423246383667,2543104
9935,0.1896442472934723,2543360
9936,0.21195735037326813,2543616
9937,0.19109176099300385,2543872
9938,0.20838136970996857,2544128
9939,0.18467746675014496,2544384
9940,0.20282121002674103,2544640
9941,0.20464235544204712,2544896
9942,0.20579113066196442,2545152
9943,0.20684897899627686,2545408
9944,0.20670537650585175,2545664
9945,0.20764605700969696,2545920
9946,0.2033732533454895,2546176
9947,0.19828273355960846,2546432
9948,0.2007620632648468,2546688
9949,0.21212977170944214,2546944
9950,0.20029312372207642,2547200
9951,0.19354332983493805,2547456
9952,0.20488378405570984,2547712
9953,0.1860421597957611,2547968
9954,0.19813846051692963,2548224
9955,0.1823883205652237,2548480
9956,0.20676086843013763,2548736
9957,0.19503360986709595,2548992
9958,0.19454751908779144,2549248
9959,0.20651459693908691,2549504
9960,0.20938332378864288,2549760
9961,0.1936815083026886,2550016
9962,0.21097613871097565,2550272
9963,0.20350947976112366,2550528
9964,0.20641963183879852,2550784
9965,0.19051824510097504,2551040
9966,0.22152017056941986,2551296
9967,0.2046898454427719,2551552
9968,0.216862291097641,2551808
9969,0.1937934309244156,2552064
9970,0.19901521503925323,2552320
9971,0.20582835376262665,2552576
9972,0.194877028465271,2552832
9973,0.19260162115097046,2553088
9974,0.19115401804447174,2553344
9975,0.2006167620420456,2553600
9976,0.1981426477432251,2553856
9977,0.19245575368404388,2554112
9978,0.19010663032531738,2554368
9979,0.2053060382604599,2554624
9980,0.20601972937583923,2554880
9981,0.2123422920703888,2555136
9982,0.1971425861120224,2555392
9983,0.20415423810482025,2555648
9984,0.20351044833660126,2555904
9985,0.2158488929271698,2556160
9986,0.20288361608982086,2556416
9987,0.21142396330833435,2556672
9988,0.1879737228155136,2556928
9989,0.20535887777805328,2557184
9990,0.211668461561203,2557440
9991,0.20381712913513184,2557696
9992,0.19784626364707947,2557952
9993,0.18065789341926575,2558208
9994,0.1854284107685089,2558464
9995,0.2015589028596878,2558720
9996,0.19088782370090485,2558976
9997,0.19635291397571564,2559232
9998,0.19254757463932037,2559488
9999,0.1912674903869629,2559744
10000,0.19649070501327515,2560000
